VNR

a
1.000000 0.000000
0.978872 -0.025303
0.968493 -0.037989
0.957559 -0.050572
b
-0.500000 -0.866025
-0.513519 -0.820069
-0.520501 -0.797463
-0.526815 -0.773739
c
-0.500000 0.866025
-0.476048 0.864156
-0.464125 0.863274
-0.452043 0.862233


INR

a
2.460936 -0.743107
0.816669 -0.238540
1.644267 -0.504567
b
-2.834634 -1.934891
-0.925697 -0.649777
-1.908937 -1.285115
c
-0.318595 1.918262
-0.110154 0.635806
-0.208441 1.282456


STXNR

a
2.460936 0.743107
0.805450 0.212836
1.622294 0.452302
b
3.092982 1.487419
1.008225 0.425462
2.034158 0.905528
c
1.820561 0.683219
0.601874 0.207484
1.207469 0.430385


SRXNR

a
2.427744 0.665138
0.800000 0.200000
1.600000 0.400000
b
3.042382 1.330991
1.000000 0.400000
2.000000 0.800000
c
1.809343 0.637868
0.600000 0.200000
1.200000 0.400000


iNR

a
0.000000 0.000000
0.000000 0.000000
0.816669 -0.238540
1.644267 -0.504567
b
-0.000000 0.000000
-0.000000 0.000000
-0.925697 -0.649777
-1.908937 -1.285115
c
0.000000 0.000000
0.000000 0.000000
-0.110154 0.635806
-0.208441 1.282456


sNR

a
0.000000 0.000000
0.000000 0.000000
0.800000 0.200000
1.600000 0.400000
b
0.000000 0.000000
0.000000 0.000000
1.000000 0.400000
2.000000 0.800000
c
0.000000 0.000000
0.000000 0.000000
0.600000 0.200000
1.200000 0.400000
