VNR

a
1.000000 -0.000000
0.992024 -0.004332
0.960118 -0.021658
0.951872 -0.025445
0.951398 -0.026639
0.948835 -0.029801
b
0.000000 0.000000
0.000000 0.000000
0.000000 0.000000
0.000000 0.000000
0.000000 0.000000
0.000000 0.000000
c
0.000000 0.000000
0.000000 0.000000
0.000000 0.000000
0.000000 0.000000
0.000000 0.000000
0.000000 0.000000


INR

a
0.655144 -0.604487
0.655144 -0.604487
0.204350 -0.215575
0.246350 -0.217654
0.125023 -0.046084
b
0.000000 0.000000
0.000000 0.000000
0.000000 0.000000
0.000000 0.000000
0.000000 0.000000
c
0.000000 0.000000
0.000000 0.000000
0.000000 0.000000
0.000000 0.000000
0.000000 0.000000


STXNR

a
0.655144 0.604487
0.652536 0.596828
0.200869 0.202551
0.241239 0.203638
0.120175 0.040513
b
0.000000 0.000000
0.000000 0.000000
0.000000 0.000000
0.000000 0.000000
0.000000 0.000000
c
0.000000 0.000000
0.000000 0.000000
0.000000 0.000000
0.000000 0.000000
0.000000 0.000000


SRXNR

a
0.652536 0.596828
0.642107 0.566190
0.200000 0.200000
0.240175 0.200513
0.120000 0.040000
b
0.000000 0.000000
0.000000 0.000000
0.000000 0.000000
0.000000 0.000000
0.000000 0.000000
c
0.000000 0.000000
0.000000 0.000000
0.000000 0.000000
0.000000 0.000000
0.000000 0.000000


iNR

a
0.000000 0.000000
0.000000 0.000000
0.204445 -0.171258
0.204350 -0.215575
0.121326 -0.171571
0.125023 -0.046084
b
0.000000 0.000000
0.000000 0.000000
0.000000 0.000000
0.000000 0.000000
0.000000 0.000000
0.000000 0.000000
c
0.000000 0.000000
0.000000 0.000000
0.000000 0.000000
0.000000 0.000000
0.000000 0.000000
0.000000 0.000000


sNR

a
0.000000 0.000000
0.000000 0.000000
0.200000 0.160000
0.200000 0.200000
0.120000 0.160000
0.120000 0.040000
b
0.000000 0.000000
0.000000 0.000000
0.000000 0.000000
0.000000 0.000000
0.000000 0.000000
0.000000 0.000000
c
0.000000 0.000000
0.000000 0.000000
0.000000 0.000000
0.000000 0.000000
0.000000 0.000000
0.000000 0.000000
