VNR

a
1.000000 0.000000
0.996337 -0.002231
0.981687 -0.011157
0.977697 -0.013055
0.978072 -0.013849
0.977440 -0.015614
b
0.000000 0.000000
0.000000 0.000000
0.000000 0.000000
0.000000 0.000000
0.000000 0.000000
0.000000 0.000000
c
0.000000 0.000000
0.000000 0.000000
0.000000 0.000000
0.000000 0.000000
0.000000 0.000000
0.000000 0.000000


INR

a
0.323368 -0.269894
0.323368 -0.269894
0.100897 -0.103628
0.121544 -0.083626
0.061369 -0.000980
b
0.000000 0.000000
0.000000 0.000000
0.000000 0.000000
0.000000 0.000000
0.000000 0.000000
c
0.000000 0.000000
0.000000 0.000000
0.000000 0.000000
0.000000 0.000000
0.000000 0.000000


STXNR

a
0.323368 0.269894
0.322786 0.268184
0.100206 0.100605
0.120251 0.080738
0.060037 0.000109
b
0.000000 0.000000
0.000000 0.000000
0.000000 0.000000
0.000000 0.000000
0.000000 0.000000
c
0.000000 0.000000
0.000000 0.000000
0.000000 0.000000
0.000000 0.000000
0.000000 0.000000


SRXNR

a
0.322786 0.268184
0.320457 0.261343
0.100000 0.100000
0.120037 0.080109
0.060000 0.000000
b
0.000000 0.000000
0.000000 0.000000
0.000000 0.000000
0.000000 0.000000
0.000000 0.000000
c
0.000000 0.000000
0.000000 0.000000
0.000000 0.000000
0.000000 0.000000
0.000000 0.000000


iNR

a
0.000000 0.000000
0.000000 0.000000
0.045666 -0.037392
0.028000 -0.028758
0.013590 -0.018665
0.026036 0.023399
b
0.000000 0.000000
0.000000 0.000000
0.000000 0.000000
0.000000 0.000000
0.000000 0.000000
0.000000 0.000000
c
0.000000 0.000000
0.000000 0.000000
0.000000 0.000000
0.000000 0.000000
0.000000 0.000000
0.000000 0.000000


sNR

a
0.000000 0.000000
0.000000 0.000000
0.045247 0.036198
0.027751 0.027751
0.013550 0.018067
0.025083 -0.023278
b
0.000000 0.000000
0.000000 0.000000
0.000000 0.000000
0.000000 0.000000
0.000000 0.000000
0.000000 0.000000
c
0.000000 0.000000
0.000000 0.000000
0.000000 0.000000
0.000000 0.000000
0.000000 0.000000
0.000000 0.000000
VNR

a
1.000000 0.000000
0.996337 -0.002231
0.981687 -0.011157
0.977697 -0.013055
0.978072 -0.013849
0.977440 -0.015614
b
0.000000 0.000000
0.000000 0.000000
0.000000 0.000000
0.000000 0.000000
0.000000 0.000000
0.000000 0.000000
c
0.000000 0.000000
0.000000 0.000000
0.000000 0.000000
0.000000 0.000000
0.000000 0.000000
0.000000 0.000000


INR

a
0.323368 -0.269894
0.323368 -0.269894
0.100897 -0.103628
0.121544 -0.083626
0.061369 -0.000980
b
0.000000 0.000000
0.000000 0.000000
0.000000 0.000000
0.000000 0.000000
0.000000 0.000000
c
0.000000 0.000000
0.000000 0.000000
0.000000 0.000000
0.000000 0.000000
0.000000 0.000000


STXNR

a
0.323368 0.269894
0.322786 0.268184
0.100206 0.100605
0.120251 0.080738
0.060037 0.000109
b
0.000000 0.000000
0.000000 0.000000
0.000000 0.000000
0.000000 0.000000
0.000000 0.000000
c
0.000000 0.000000
0.000000 0.000000
0.000000 0.000000
0.000000 0.000000
0.000000 0.000000


SRXNR

a
0.322786 0.268184
0.320457 0.261343
0.100000 0.100000
0.120037 0.080109
0.060000 0.000000
b
0.000000 0.000000
0.000000 0.000000
0.000000 0.000000
0.000000 0.000000
0.000000 0.000000
c
0.000000 0.000000
0.000000 0.000000
0.000000 0.000000
0.000000 0.000000
0.000000 0.000000


iNR

a
0.000000 0.000000
0.000000 0.000000
0.048175 -0.039446
0.030497 -0.031322
0.016944 -0.023272
0.026532 0.023057
b
0.000000 0.000000
0.000000 0.000000
0.000000 0.000000
0.000000 0.000000
0.000000 0.000000
0.000000 0.000000
c
0.000000 0.000000
0.000000 0.000000
0.000000 0.000000
0.000000 0.000000
0.000000 0.000000
0.000000 0.000000


sNR

a
0.000000 0.000000
0.000000 0.000000
0.047733 0.038186
0.030225 0.030225
0.016895 0.022527
0.025573 -0.022951
b
0.000000 0.000000
0.000000 0.000000
0.000000 0.000000
0.000000 0.000000
0.000000 0.000000
0.000000 0.000000
c
0.000000 0.000000
0.000000 0.000000
0.000000 0.000000
0.000000 0.000000
0.000000 0.000000
0.000000 0.000000
VNR

a
1.000000 0.000000
0.996337 -0.002231
0.981687 -0.011157
0.977697 -0.013055
0.978072 -0.013849
0.977440 -0.015614
b
0.000000 0.000000
0.000000 0.000000
0.000000 0.000000
0.000000 0.000000
0.000000 0.000000
0.000000 0.000000
c
0.000000 0.000000
0.000000 0.000000
0.000000 0.000000
0.000000 0.000000
0.000000 0.000000
0.000000 0.000000


INR

a
0.323368 -0.269894
0.323368 -0.269894
0.100897 -0.103628
0.121544 -0.083626
0.061369 -0.000980
b
0.000000 0.000000
0.000000 0.000000
0.000000 0.000000
0.000000 0.000000
0.000000 0.000000
c
0.000000 0.000000
0.000000 0.000000
0.000000 0.000000
0.000000 0.000000
0.000000 0.000000


STXNR

a
0.323368 0.269894
0.322786 0.268184
0.100206 0.100605
0.120251 0.080738
0.060037 0.000109
b
0.000000 0.000000
0.000000 0.000000
0.000000 0.000000
0.000000 0.000000
0.000000 0.000000
c
0.000000 0.000000
0.000000 0.000000
0.000000 0.000000
0.000000 0.000000
0.000000 0.000000


SRXNR

a
0.322786 0.268184
0.320457 0.261343
0.100000 0.100000
0.120037 0.080109
0.060000 0.000000
b
0.000000 0.000000
0.000000 0.000000
0.000000 0.000000
0.000000 0.000000
0.000000 0.000000
c
0.000000 0.000000
0.000000 0.000000
0.000000 0.000000
0.000000 0.000000
0.000000 0.000000


iNR

a
0.000000 0.000000
0.000000 0.000000
0.046508 -0.038082
0.035540 -0.036502
0.013948 -0.019157
0.032495 0.018943
b
0.000000 0.000000
0.000000 0.000000
0.000000 0.000000
0.000000 0.000000
0.000000 0.000000
0.000000 0.000000
c
0.000000 0.000000
0.000000 0.000000
0.000000 0.000000
0.000000 0.000000
0.000000 0.000000
0.000000 0.000000


sNR

a
0.000000 0.000000
0.000000 0.000000
0.046082 0.036865
0.035224 0.035224
0.013908 0.018544
0.031466 -0.019023
b
0.000000 0.000000
0.000000 0.000000
0.000000 0.000000
0.000000 0.000000
0.000000 0.000000
0.000000 0.000000
c
0.000000 0.000000
0.000000 0.000000
0.000000 0.000000
0.000000 0.000000
0.000000 0.000000
0.000000 0.000000
VNR

a
1.000000 0.000000
0.996337 -0.002231
0.981687 -0.011157
0.977697 -0.013055
0.978072 -0.013849
0.977440 -0.015614
b
0.000000 0.000000
0.000000 0.000000
0.000000 0.000000
0.000000 0.000000
0.000000 0.000000
0.000000 0.000000
c
0.000000 0.000000
0.000000 0.000000
0.000000 0.000000
0.000000 0.000000
0.000000 0.000000
0.000000 0.000000


INR

a
0.323368 -0.269894
0.323368 -0.269894
0.100897 -0.103628
0.121544 -0.083626
0.061369 -0.000980
b
0.000000 0.000000
0.000000 0.000000
0.000000 0.000000
0.000000 0.000000
0.000000 0.000000
c
0.000000 0.000000
0.000000 0.000000
0.000000 0.000000
0.000000 0.000000
0.000000 0.000000


STXNR

a
0.323368 0.269894
0.322786 0.268184
0.100206 0.100605
0.120251 0.080738
0.060037 0.000109
b
0.000000 0.000000
0.000000 0.000000
0.000000 0.000000
0.000000 0.000000
0.000000 0.000000
c
0.000000 0.000000
0.000000 0.000000
0.000000 0.000000
0.000000 0.000000
0.000000 0.000000


SRXNR

a
0.322786 0.268184
0.320457 0.261343
0.100000 0.100000
0.120037 0.080109
0.060000 0.000000
b
0.000000 0.000000
0.000000 0.000000
0.000000 0.000000
0.000000 0.000000
0.000000 0.000000
c
0.000000 0.000000
0.000000 0.000000
0.000000 0.000000
0.000000 0.000000
0.000000 0.000000


iNR

a
0.000000 0.000000
0.000000 0.000000
0.049403 -0.040452
0.033225 -0.034124
0.016152 -0.022184
0.033815 0.018032
b
0.000000 0.000000
0.000000 0.000000
0.000000 0.000000
0.000000 0.000000
0.000000 0.000000
0.000000 0.000000
c
0.000000 0.000000
0.000000 0.000000
0.000000 0.000000
0.000000 0.000000
0.000000 0.000000
0.000000 0.000000


sNR

a
0.000000 0.000000
0.000000 0.000000
0.048949 0.039160
0.032930 0.032930
0.016105 0.021474
0.032771 -0.018153
b
0.000000 0.000000
0.000000 0.000000
0.000000 0.000000
0.000000 0.000000
0.000000 0.000000
0.000000 0.000000
c
0.000000 0.000000
0.000000 0.000000
0.000000 0.000000
0.000000 0.000000
0.000000 0.000000
0.000000 0.000000
VNR

a
1.000000 0.000000
0.996337 -0.002231
0.981687 -0.011157
0.977697 -0.013055
0.978072 -0.013849
0.977440 -0.015614
b
0.000000 0.000000
0.000000 0.000000
0.000000 0.000000
0.000000 0.000000
0.000000 0.000000
0.000000 0.000000
c
0.000000 0.000000
0.000000 0.000000
0.000000 0.000000
0.000000 0.000000
0.000000 0.000000
0.000000 0.000000


INR

a
0.323368 -0.269894
0.323368 -0.269894
0.100897 -0.103628
0.121544 -0.083626
0.061369 -0.000980
b
0.000000 0.000000
0.000000 0.000000
0.000000 0.000000
0.000000 0.000000
0.000000 0.000000
c
0.000000 0.000000
0.000000 0.000000
0.000000 0.000000
0.000000 0.000000
0.000000 0.000000


STXNR

a
0.323368 0.269894
0.322786 0.268184
0.100206 0.100605
0.120251 0.080738
0.060037 0.000109
b
0.000000 0.000000
0.000000 0.000000
0.000000 0.000000
0.000000 0.000000
0.000000 0.000000
c
0.000000 0.000000
0.000000 0.000000
0.000000 0.000000
0.000000 0.000000
0.000000 0.000000


SRXNR

a
0.322786 0.268184
0.320457 0.261343
0.100000 0.100000
0.120037 0.080109
0.060000 0.000000
b
0.000000 0.000000
0.000000 0.000000
0.000000 0.000000
0.000000 0.000000
0.000000 0.000000
c
0.000000 0.000000
0.000000 0.000000
0.000000 0.000000
0.000000 0.000000
0.000000 0.000000


iNR

a
0.000000 0.000000
0.000000 0.000000
0.046561 -0.038125
0.031848 -0.032710
0.010959 -0.015051
0.029807 0.020798
b
0.000000 0.000000
0.000000 0.000000
0.000000 0.000000
0.000000 0.000000
0.000000 0.000000
0.000000 0.000000
c
0.000000 0.000000
0.000000 0.000000
0.000000 0.000000
0.000000 0.000000
0.000000 0.000000
0.000000 0.000000


sNR

a
0.000000 0.000000
0.000000 0.000000
0.046134 0.036907
0.031564 0.031564
0.010927 0.014569
0.028809 -0.020794
b
0.000000 0.000000
0.000000 0.000000
0.000000 0.000000
0.000000 0.000000
0.000000 0.000000
0.000000 0.000000
c
0.000000 0.000000
0.000000 0.000000
0.000000 0.000000
0.000000 0.000000
0.000000 0.000000
0.000000 0.000000
VNR

a
1.000000 0.000000
0.996337 -0.002231
0.981687 -0.011157
0.977697 -0.013055
0.978072 -0.013849
0.977440 -0.015614
b
0.000000 0.000000
0.000000 0.000000
0.000000 0.000000
0.000000 0.000000
0.000000 0.000000
0.000000 0.000000
c
0.000000 0.000000
0.000000 0.000000
0.000000 0.000000
0.000000 0.000000
0.000000 0.000000
0.000000 0.000000


INR

a
0.323368 -0.269894
0.323368 -0.269894
0.100897 -0.103628
0.121544 -0.083626
0.061369 -0.000980
b
0.000000 0.000000
0.000000 0.000000
0.000000 0.000000
0.000000 0.000000
0.000000 0.000000
c
0.000000 0.000000
0.000000 0.000000
0.000000 0.000000
0.000000 0.000000
0.000000 0.000000


STXNR

a
0.323368 0.269894
0.322786 0.268184
0.100206 0.100605
0.120251 0.080738
0.060037 0.000109
b
0.000000 0.000000
0.000000 0.000000
0.000000 0.000000
0.000000 0.000000
0.000000 0.000000
c
0.000000 0.000000
0.000000 0.000000
0.000000 0.000000
0.000000 0.000000
0.000000 0.000000


SRXNR

a
0.322786 0.268184
0.320457 0.261343
0.100000 0.100000
0.120037 0.080109
0.060000 0.000000
b
0.000000 0.000000
0.000000 0.000000
0.000000 0.000000
0.000000 0.000000
0.000000 0.000000
c
0.000000 0.000000
0.000000 0.000000
0.000000 0.000000
0.000000 0.000000
0.000000 0.000000


iNR

a
0.000000 0.000000
0.000000 0.000000
0.060360 -0.049423
0.030858 -0.031693
0.010265 -0.014099
0.025159 0.024004
b
0.000000 0.000000
0.000000 0.000000
0.000000 0.000000
0.000000 0.000000
0.000000 0.000000
0.000000 0.000000
c
0.000000 0.000000
0.000000 0.000000
0.000000 0.000000
0.000000 0.000000
0.000000 0.000000
0.000000 0.000000


sNR

a
0.000000 0.000000
0.000000 0.000000
0.059806 0.047845
0.030583 0.030583
0.010235 0.013647
0.024217 -0.023855
b
0.000000 0.000000
0.000000 0.000000
0.000000 0.000000
0.000000 0.000000
0.000000 0.000000
0.000000 0.000000
c
0.000000 0.000000
0.000000 0.000000
0.000000 0.000000
0.000000 0.000000
0.000000 0.000000
0.000000 0.000000
VNR

a
1.000000 0.000000
0.996337 -0.002231
0.981687 -0.011157
0.977697 -0.013055
0.978072 -0.013849
0.977440 -0.015614
b
0.000000 0.000000
0.000000 0.000000
0.000000 0.000000
0.000000 0.000000
0.000000 0.000000
0.000000 0.000000
c
0.000000 0.000000
0.000000 0.000000
0.000000 0.000000
0.000000 0.000000
0.000000 0.000000
0.000000 0.000000


INR

a
0.323368 -0.269894
0.323368 -0.269894
0.100897 -0.103628
0.121544 -0.083626
0.061369 -0.000980
b
0.000000 0.000000
0.000000 0.000000
0.000000 0.000000
0.000000 0.000000
0.000000 0.000000
c
0.000000 0.000000
0.000000 0.000000
0.000000 0.000000
0.000000 0.000000
0.000000 0.000000


STXNR

a
0.323368 0.269894
0.322786 0.268184
0.100206 0.100605
0.120251 0.080738
0.060037 0.000109
b
0.000000 0.000000
0.000000 0.000000
0.000000 0.000000
0.000000 0.000000
0.000000 0.000000
c
0.000000 0.000000
0.000000 0.000000
0.000000 0.000000
0.000000 0.000000
0.000000 0.000000


SRXNR

a
0.322786 0.268184
0.320457 0.261343
0.100000 0.100000
0.120037 0.080109
0.060000 0.000000
b
0.000000 0.000000
0.000000 0.000000
0.000000 0.000000
0.000000 0.000000
0.000000 0.000000
c
0.000000 0.000000
0.000000 0.000000
0.000000 0.000000
0.000000 0.000000
0.000000 0.000000


iNR

a
0.000000 0.000000
0.000000 0.000000
0.061223 -0.050130
0.035513 -0.036475
0.009753 -0.013395
0.024514 0.024449
b
0.000000 0.000000
0.000000 0.000000
0.000000 0.000000
0.000000 0.000000
0.000000 0.000000
0.000000 0.000000
c
0.000000 0.000000
0.000000 0.000000
0.000000 0.000000
0.000000 0.000000
0.000000 0.000000
0.000000 0.000000


sNR

a
0.000000 0.000000
0.000000 0.000000
0.060661 0.048529
0.035197 0.035197
0.009724 0.012966
0.023579 -0.024281
b
0.000000 0.000000
0.000000 0.000000
0.000000 0.000000
0.000000 0.000000
0.000000 0.000000
0.000000 0.000000
c
0.000000 0.000000
0.000000 0.000000
0.000000 0.000000
0.000000 0.000000
0.000000 0.000000
0.000000 0.000000
VNR

a
1.000000 0.000000
0.996337 -0.002231
0.981687 -0.011157
0.977697 -0.013055
0.978072 -0.013849
0.977440 -0.015614
b
0.000000 0.000000
0.000000 0.000000
0.000000 0.000000
0.000000 0.000000
0.000000 0.000000
0.000000 0.000000
c
0.000000 0.000000
0.000000 0.000000
0.000000 0.000000
0.000000 0.000000
0.000000 0.000000
0.000000 0.000000


INR

a
0.323368 -0.269894
0.323368 -0.269894
0.100897 -0.103628
0.121544 -0.083626
0.061369 -0.000980
b
0.000000 0.000000
0.000000 0.000000
0.000000 0.000000
0.000000 0.000000
0.000000 0.000000
c
0.000000 0.000000
0.000000 0.000000
0.000000 0.000000
0.000000 0.000000
0.000000 0.000000


STXNR

a
0.323368 0.269894
0.322786 0.268184
0.100206 0.100605
0.120251 0.080738
0.060037 0.000109
b
0.000000 0.000000
0.000000 0.000000
0.000000 0.000000
0.000000 0.000000
0.000000 0.000000
c
0.000000 0.000000
0.000000 0.000000
0.000000 0.000000
0.000000 0.000000
0.000000 0.000000


SRXNR

a
0.322786 0.268184
0.320457 0.261343
0.100000 0.100000
0.120037 0.080109
0.060000 0.000000
b
0.000000 0.000000
0.000000 0.000000
0.000000 0.000000
0.000000 0.000000
0.000000 0.000000
c
0.000000 0.000000
0.000000 0.000000
0.000000 0.000000
0.000000 0.000000
0.000000 0.000000


iNR

a
0.000000 0.000000
0.000000 0.000000
0.060751 -0.049743
0.033056 -0.033951
0.010025 -0.013768
0.024085 0.024746
b
0.000000 0.000000
0.000000 0.000000
0.000000 0.000000
0.000000 0.000000
0.000000 0.000000
0.000000 0.000000
c
0.000000 0.000000
0.000000 0.000000
0.000000 0.000000
0.000000 0.000000
0.000000 0.000000
0.000000 0.000000


sNR

a
0.000000 0.000000
0.000000 0.000000
0.060193 0.048154
0.032762 0.032762
0.009996 0.013327
0.023155 -0.024563
b
0.000000 0.000000
0.000000 0.000000
0.000000 0.000000
0.000000 0.000000
0.000000 0.000000
0.000000 0.000000
c
0.000000 0.000000
0.000000 0.000000
0.000000 0.000000
0.000000 0.000000
0.000000 0.000000
0.000000 0.000000
VNR

a
1.000000 0.000000
0.996337 -0.002231
0.981687 -0.011157
0.977697 -0.013055
0.978072 -0.013849
0.977440 -0.015614
b
0.000000 0.000000
0.000000 0.000000
0.000000 0.000000
0.000000 0.000000
0.000000 0.000000
0.000000 0.000000
c
0.000000 0.000000
0.000000 0.000000
0.000000 0.000000
0.000000 0.000000
0.000000 0.000000
0.000000 0.000000


INR

a
0.323368 -0.269894
0.323368 -0.269894
0.100897 -0.103628
0.121544 -0.083626
0.061369 -0.000980
b
0.000000 0.000000
0.000000 0.000000
0.000000 0.000000
0.000000 0.000000
0.000000 0.000000
c
0.000000 0.000000
0.000000 0.000000
0.000000 0.000000
0.000000 0.000000
0.000000 0.000000


STXNR

a
0.323368 0.269894
0.322786 0.268184
0.100206 0.100605
0.120251 0.080738
0.060037 0.000109
b
0.000000 0.000000
0.000000 0.000000
0.000000 0.000000
0.000000 0.000000
0.000000 0.000000
c
0.000000 0.000000
0.000000 0.000000
0.000000 0.000000
0.000000 0.000000
0.000000 0.000000


SRXNR

a
0.322786 0.268184
0.320457 0.261343
0.100000 0.100000
0.120037 0.080109
0.060000 0.000000
b
0.000000 0.000000
0.000000 0.000000
0.000000 0.000000
0.000000 0.000000
0.000000 0.000000
c
0.000000 0.000000
0.000000 0.000000
0.000000 0.000000
0.000000 0.000000
0.000000 0.000000


iNR

a
0.000000 0.000000
0.000000 0.000000
0.059491 -0.048712
0.031040 -0.031880
0.011907 -0.016354
0.019141 0.028157
b
0.000000 0.000000
0.000000 0.000000
0.000000 0.000000
0.000000 0.000000
0.000000 0.000000
0.000000 0.000000
c
0.000000 0.000000
0.000000 0.000000
0.000000 0.000000
0.000000 0.000000
0.000000 0.000000
0.000000 0.000000


sNR

a
0.000000 0.000000
0.000000 0.000000
0.058945 0.047156
0.030764 0.030764
0.011873 0.015830
0.018270 -0.027820
b
0.000000 0.000000
0.000000 0.000000
0.000000 0.000000
0.000000 0.000000
0.000000 0.000000
0.000000 0.000000
c
0.000000 0.000000
0.000000 0.000000
0.000000 0.000000
0.000000 0.000000
0.000000 0.000000
0.000000 0.000000
VNR

a
1.000000 0.000000
0.996337 -0.002231
0.981687 -0.011157
0.977697 -0.013055
0.978072 -0.013849
0.977440 -0.015614
b
0.000000 0.000000
0.000000 0.000000
0.000000 0.000000
0.000000 0.000000
0.000000 0.000000
0.000000 0.000000
c
0.000000 0.000000
0.000000 0.000000
0.000000 0.000000
0.000000 0.000000
0.000000 0.000000
0.000000 0.000000


INR

a
0.323368 -0.269894
0.323368 -0.269894
0.100897 -0.103628
0.121544 -0.083626
0.061369 -0.000980
b
0.000000 0.000000
0.000000 0.000000
0.000000 0.000000
0.000000 0.000000
0.000000 0.000000
c
0.000000 0.000000
0.000000 0.000000
0.000000 0.000000
0.000000 0.000000
0.000000 0.000000


STXNR

a
0.323368 0.269894
0.322786 0.268184
0.100206 0.100605
0.120251 0.080738
0.060037 0.000109
b
0.000000 0.000000
0.000000 0.000000
0.000000 0.000000
0.000000 0.000000
0.000000 0.000000
c
0.000000 0.000000
0.000000 0.000000
0.000000 0.000000
0.000000 0.000000
0.000000 0.000000


SRXNR

a
0.322786 0.268184
0.320457 0.261343
0.100000 0.100000
0.120037 0.080109
0.060000 0.000000
b
0.000000 0.000000
0.000000 0.000000
0.000000 0.000000
0.000000 0.000000
0.000000 0.000000
c
0.000000 0.000000
0.000000 0.000000
0.000000 0.000000
0.000000 0.000000
0.000000 0.000000


iNR

a
0.000000 0.000000
0.000000 0.000000
0.048389 -0.039621
0.030378 -0.031200
0.013968 -0.019184
0.019259 0.028075
b
0.000000 0.000000
0.000000 0.000000
0.000000 0.000000
0.000000 0.000000
0.000000 0.000000
0.000000 0.000000
c
0.000000 0.000000
0.000000 0.000000
0.000000 0.000000
0.000000 0.000000
0.000000 0.000000
0.000000 0.000000


sNR

a
0.000000 0.000000
0.000000 0.000000
0.047945 0.038356
0.030107 0.030107
0.013927 0.018570
0.018386 -0.027743
b
0.000000 0.000000
0.000000 0.000000
0.000000 0.000000
0.000000 0.000000
0.000000 0.000000
0.000000 0.000000
c
0.000000 0.000000
0.000000 0.000000
0.000000 0.000000
0.000000 0.000000
0.000000 0.000000
0.000000 0.000000
VNR

a
1.000000 0.000000
0.996337 -0.002231
0.981687 -0.011157
0.977697 -0.013055
0.978072 -0.013849
0.977440 -0.015614
b
0.000000 0.000000
0.000000 0.000000
0.000000 0.000000
0.000000 0.000000
0.000000 0.000000
0.000000 0.000000
c
0.000000 0.000000
0.000000 0.000000
0.000000 0.000000
0.000000 0.000000
0.000000 0.000000
0.000000 0.000000


INR

a
0.323368 -0.269894
0.323368 -0.269894
0.100897 -0.103628
0.121544 -0.083626
0.061369 -0.000980
b
0.000000 0.000000
0.000000 0.000000
0.000000 0.000000
0.000000 0.000000
0.000000 0.000000
c
0.000000 0.000000
0.000000 0.000000
0.000000 0.000000
0.000000 0.000000
0.000000 0.000000


STXNR

a
0.323368 0.269894
0.322786 0.268184
0.100206 0.100605
0.120251 0.080738
0.060037 0.000109
b
0.000000 0.000000
0.000000 0.000000
0.000000 0.000000
0.000000 0.000000
0.000000 0.000000
c
0.000000 0.000000
0.000000 0.000000
0.000000 0.000000
0.000000 0.000000
0.000000 0.000000


SRXNR

a
0.322786 0.268184
0.320457 0.261343
0.100000 0.100000
0.120037 0.080109
0.060000 0.000000
b
0.000000 0.000000
0.000000 0.000000
0.000000 0.000000
0.000000 0.000000
0.000000 0.000000
c
0.000000 0.000000
0.000000 0.000000
0.000000 0.000000
0.000000 0.000000
0.000000 0.000000


iNR

a
0.000000 0.000000
0.000000 0.000000
0.045835 -0.037530
0.021205 -0.021779
0.009576 -0.013152
0.020081 0.027508
b
0.000000 0.000000
0.000000 0.000000
0.000000 0.000000
0.000000 0.000000
0.000000 0.000000
0.000000 0.000000
c
0.000000 0.000000
0.000000 0.000000
0.000000 0.000000
0.000000 0.000000
0.000000 0.000000
0.000000 0.000000


sNR

a
0.000000 0.000000
0.000000 0.000000
0.045414 0.036331
0.021017 0.021017
0.009549 0.012731
0.019199 -0.027201
b
0.000000 0.000000
0.000000 0.000000
0.000000 0.000000
0.000000 0.000000
0.000000 0.000000
0.000000 0.000000
c
0.000000 0.000000
0.000000 0.000000
0.000000 0.000000
0.000000 0.000000
0.000000 0.000000
0.000000 0.000000
VNR

a
1.000000 0.000000
0.996337 -0.002231
0.981687 -0.011157
0.977697 -0.013055
0.978072 -0.013849
0.977440 -0.015614
b
0.000000 0.000000
0.000000 0.000000
0.000000 0.000000
0.000000 0.000000
0.000000 0.000000
0.000000 0.000000
c
0.000000 0.000000
0.000000 0.000000
0.000000 0.000000
0.000000 0.000000
0.000000 0.000000
0.000000 0.000000


INR

a
0.323368 -0.269894
0.323368 -0.269894
0.100897 -0.103628
0.121544 -0.083626
0.061369 -0.000980
b
0.000000 0.000000
0.000000 0.000000
0.000000 0.000000
0.000000 0.000000
0.000000 0.000000
c
0.000000 0.000000
0.000000 0.000000
0.000000 0.000000
0.000000 0.000000
0.000000 0.000000


STXNR

a
0.323368 0.269894
0.322786 0.268184
0.100206 0.100605
0.120251 0.080738
0.060037 0.000109
b
0.000000 0.000000
0.000000 0.000000
0.000000 0.000000
0.000000 0.000000
0.000000 0.000000
c
0.000000 0.000000
0.000000 0.000000
0.000000 0.000000
0.000000 0.000000
0.000000 0.000000


SRXNR

a
0.322786 0.268184
0.320457 0.261343
0.100000 0.100000
0.120037 0.080109
0.060000 0.000000
b
0.000000 0.000000
0.000000 0.000000
0.000000 0.000000
0.000000 0.000000
0.000000 0.000000
c
0.000000 0.000000
0.000000 0.000000
0.000000 0.000000
0.000000 0.000000
0.000000 0.000000


iNR

a
0.000000 0.000000
0.000000 0.000000
0.052466 -0.042960
0.021378 -0.021956
0.009038 -0.012414
0.021655 0.026422
b
0.000000 0.000000
0.000000 0.000000
0.000000 0.000000
0.000000 0.000000
0.000000 0.000000
0.000000 0.000000
c
0.000000 0.000000
0.000000 0.000000
0.000000 0.000000
0.000000 0.000000
0.000000 0.000000
0.000000 0.000000


sNR

a
0.000000 0.000000
0.000000 0.000000
0.051985 0.041588
0.021187 0.021187
0.009012 0.012016
0.020754 -0.026164
b
0.000000 0.000000
0.000000 0.000000
0.000000 0.000000
0.000000 0.000000
0.000000 0.000000
0.000000 0.000000
c
0.000000 0.000000
0.000000 0.000000
0.000000 0.000000
0.000000 0.000000
0.000000 0.000000
0.000000 0.000000
VNR

a
1.000000 0.000000
0.996337 -0.002231
0.981687 -0.011157
0.977697 -0.013055
0.978072 -0.013849
0.977440 -0.015614
b
0.000000 0.000000
0.000000 0.000000
0.000000 0.000000
0.000000 0.000000
0.000000 0.000000
0.000000 0.000000
c
0.000000 0.000000
0.000000 0.000000
0.000000 0.000000
0.000000 0.000000
0.000000 0.000000
0.000000 0.000000


INR

a
0.323368 -0.269894
0.323368 -0.269894
0.100897 -0.103628
0.121544 -0.083626
0.061369 -0.000980
b
0.000000 0.000000
0.000000 0.000000
0.000000 0.000000
0.000000 0.000000
0.000000 0.000000
c
0.000000 0.000000
0.000000 0.000000
0.000000 0.000000
0.000000 0.000000
0.000000 0.000000


STXNR

a
0.323368 0.269894
0.322786 0.268184
0.100206 0.100605
0.120251 0.080738
0.060037 0.000109
b
0.000000 0.000000
0.000000 0.000000
0.000000 0.000000
0.000000 0.000000
0.000000 0.000000
c
0.000000 0.000000
0.000000 0.000000
0.000000 0.000000
0.000000 0.000000
0.000000 0.000000


SRXNR

a
0.322786 0.268184
0.320457 0.261343
0.100000 0.100000
0.120037 0.080109
0.060000 0.000000
b
0.000000 0.000000
0.000000 0.000000
0.000000 0.000000
0.000000 0.000000
0.000000 0.000000
c
0.000000 0.000000
0.000000 0.000000
0.000000 0.000000
0.000000 0.000000
0.000000 0.000000


iNR

a
0.000000 0.000000
0.000000 0.000000
0.052334 -0.042852
0.020199 -0.020745
0.009659 -0.013265
0.021433 0.026575
b
0.000000 0.000000
0.000000 0.000000
0.000000 0.000000
0.000000 0.000000
0.000000 0.000000
0.000000 0.000000
c
0.000000 0.000000
0.000000 0.000000
0.000000 0.000000
0.000000 0.000000
0.000000 0.000000
0.000000 0.000000


sNR

a
0.000000 0.000000
0.000000 0.000000
0.051854 0.041483
0.020019 0.020019
0.009631 0.012841
0.020534 -0.026311
b
0.000000 0.000000
0.000000 0.000000
0.000000 0.000000
0.000000 0.000000
0.000000 0.000000
0.000000 0.000000
c
0.000000 0.000000
0.000000 0.000000
0.000000 0.000000
0.000000 0.000000
0.000000 0.000000
0.000000 0.000000
VNR

a
1.000000 0.000000
0.996337 -0.002231
0.981687 -0.011157
0.977697 -0.013055
0.978072 -0.013849
0.977440 -0.015614
b
0.000000 0.000000
0.000000 0.000000
0.000000 0.000000
0.000000 0.000000
0.000000 0.000000
0.000000 0.000000
c
0.000000 0.000000
0.000000 0.000000
0.000000 0.000000
0.000000 0.000000
0.000000 0.000000
0.000000 0.000000


INR

a
0.323368 -0.269894
0.323368 -0.269894
0.100897 -0.103628
0.121544 -0.083626
0.061369 -0.000980
b
0.000000 0.000000
0.000000 0.000000
0.000000 0.000000
0.000000 0.000000
0.000000 0.000000
c
0.000000 0.000000
0.000000 0.000000
0.000000 0.000000
0.000000 0.000000
0.000000 0.000000


STXNR

a
0.323368 0.269894
0.322786 0.268184
0.100206 0.100605
0.120251 0.080738
0.060037 0.000109
b
0.000000 0.000000
0.000000 0.000000
0.000000 0.000000
0.000000 0.000000
0.000000 0.000000
c
0.000000 0.000000
0.000000 0.000000
0.000000 0.000000
0.000000 0.000000
0.000000 0.000000


SRXNR

a
0.322786 0.268184
0.320457 0.261343
0.100000 0.100000
0.120037 0.080109
0.060000 0.000000
b
0.000000 0.000000
0.000000 0.000000
0.000000 0.000000
0.000000 0.000000
0.000000 0.000000
c
0.000000 0.000000
0.000000 0.000000
0.000000 0.000000
0.000000 0.000000
0.000000 0.000000


iNR

a
0.000000 0.000000
0.000000 0.000000
0.044808 -0.036689
0.020719 -0.021279
0.008565 -0.011763
0.021480 0.026543
b
0.000000 0.000000
0.000000 0.000000
0.000000 0.000000
0.000000 0.000000
0.000000 0.000000
0.000000 0.000000
c
0.000000 0.000000
0.000000 0.000000
0.000000 0.000000
0.000000 0.000000
0.000000 0.000000
0.000000 0.000000


sNR

a
0.000000 0.000000
0.000000 0.000000
0.044396 0.035517
0.020534 0.020534
0.008540 0.011387
0.020581 -0.026279
b
0.000000 0.000000
0.000000 0.000000
0.000000 0.000000
0.000000 0.000000
0.000000 0.000000
0.000000 0.000000
c
0.000000 0.000000
0.000000 0.000000
0.000000 0.000000
0.000000 0.000000
0.000000 0.000000
0.000000 0.000000
VNR

a
1.000000 0.000000
0.996337 -0.002231
0.981687 -0.011157
0.977697 -0.013055
0.978072 -0.013849
0.977440 -0.015614
b
0.000000 0.000000
0.000000 0.000000
0.000000 0.000000
0.000000 0.000000
0.000000 0.000000
0.000000 0.000000
c
0.000000 0.000000
0.000000 0.000000
0.000000 0.000000
0.000000 0.000000
0.000000 0.000000
0.000000 0.000000


INR

a
0.323368 -0.269894
0.323368 -0.269894
0.100897 -0.103628
0.121544 -0.083626
0.061369 -0.000980
b
0.000000 0.000000
0.000000 0.000000
0.000000 0.000000
0.000000 0.000000
0.000000 0.000000
c
0.000000 0.000000
0.000000 0.000000
0.000000 0.000000
0.000000 0.000000
0.000000 0.000000


STXNR

a
0.323368 0.269894
0.322786 0.268184
0.100206 0.100605
0.120251 0.080738
0.060037 0.000109
b
0.000000 0.000000
0.000000 0.000000
0.000000 0.000000
0.000000 0.000000
0.000000 0.000000
c
0.000000 0.000000
0.000000 0.000000
0.000000 0.000000
0.000000 0.000000
0.000000 0.000000


SRXNR

a
0.322786 0.268184
0.320457 0.261343
0.100000 0.100000
0.120037 0.080109
0.060000 0.000000
b
0.000000 0.000000
0.000000 0.000000
0.000000 0.000000
0.000000 0.000000
0.000000 0.000000
c
0.000000 0.000000
0.000000 0.000000
0.000000 0.000000
0.000000 0.000000
0.000000 0.000000


iNR

a
0.000000 0.000000
0.000000 0.000000
0.036724 -0.030070
0.025215 -0.025898
0.008441 -0.011593
0.021521 0.026514
b
0.000000 0.000000
0.000000 0.000000
0.000000 0.000000
0.000000 0.000000
0.000000 0.000000
0.000000 0.000000
c
0.000000 0.000000
0.000000 0.000000
0.000000 0.000000
0.000000 0.000000
0.000000 0.000000
0.000000 0.000000


sNR

a
0.000000 0.000000
0.000000 0.000000
0.036387 0.029110
0.024991 0.024991
0.008416 0.011222
0.020622 -0.026252
b
0.000000 0.000000
0.000000 0.000000
0.000000 0.000000
0.000000 0.000000
0.000000 0.000000
0.000000 0.000000
c
0.000000 0.000000
0.000000 0.000000
0.000000 0.000000
0.000000 0.000000
0.000000 0.000000
0.000000 0.000000
VNR

a
1.000000 0.000000
0.996337 -0.002231
0.981687 -0.011157
0.977697 -0.013055
0.978072 -0.013849
0.977440 -0.015614
b
0.000000 0.000000
0.000000 0.000000
0.000000 0.000000
0.000000 0.000000
0.000000 0.000000
0.000000 0.000000
c
0.000000 0.000000
0.000000 0.000000
0.000000 0.000000
0.000000 0.000000
0.000000 0.000000
0.000000 0.000000


INR

a
0.323368 -0.269894
0.323368 -0.269894
0.100897 -0.103628
0.121544 -0.083626
0.061369 -0.000980
b
0.000000 0.000000
0.000000 0.000000
0.000000 0.000000
0.000000 0.000000
0.000000 0.000000
c
0.000000 0.000000
0.000000 0.000000
0.000000 0.000000
0.000000 0.000000
0.000000 0.000000


STXNR

a
0.323368 0.269894
0.322786 0.268184
0.100206 0.100605
0.120251 0.080738
0.060037 0.000109
b
0.000000 0.000000
0.000000 0.000000
0.000000 0.000000
0.000000 0.000000
0.000000 0.000000
c
0.000000 0.000000
0.000000 0.000000
0.000000 0.000000
0.000000 0.000000
0.000000 0.000000


SRXNR

a
0.322786 0.268184
0.320457 0.261343
0.100000 0.100000
0.120037 0.080109
0.060000 0.000000
b
0.000000 0.000000
0.000000 0.000000
0.000000 0.000000
0.000000 0.000000
0.000000 0.000000
c
0.000000 0.000000
0.000000 0.000000
0.000000 0.000000
0.000000 0.000000
0.000000 0.000000


iNR

a
0.000000 0.000000
0.000000 0.000000
0.032002 -0.026204
0.025983 -0.026687
0.008433 -0.011583
0.022645 0.025739
b
0.000000 0.000000
0.000000 0.000000
0.000000 0.000000
0.000000 0.000000
0.000000 0.000000
0.000000 0.000000
c
0.000000 0.000000
0.000000 0.000000
0.000000 0.000000
0.000000 0.000000
0.000000 0.000000
0.000000 0.000000


sNR

a
0.000000 0.000000
0.000000 0.000000
0.031708 0.025367
0.025752 0.025752
0.008409 0.011212
0.021732 -0.025512
b
0.000000 0.000000
0.000000 0.000000
0.000000 0.000000
0.000000 0.000000
0.000000 0.000000
0.000000 0.000000
c
0.000000 0.000000
0.000000 0.000000
0.000000 0.000000
0.000000 0.000000
0.000000 0.000000
0.000000 0.000000
VNR

a
1.000000 0.000000
0.996337 -0.002231
0.981687 -0.011157
0.977697 -0.013055
0.978072 -0.013849
0.977440 -0.015614
b
0.000000 0.000000
0.000000 0.000000
0.000000 0.000000
0.000000 0.000000
0.000000 0.000000
0.000000 0.000000
c
0.000000 0.000000
0.000000 0.000000
0.000000 0.000000
0.000000 0.000000
0.000000 0.000000
0.000000 0.000000


INR

a
0.323368 -0.269894
0.323368 -0.269894
0.100897 -0.103628
0.121544 -0.083626
0.061369 -0.000980
b
0.000000 0.000000
0.000000 0.000000
0.000000 0.000000
0.000000 0.000000
0.000000 0.000000
c
0.000000 0.000000
0.000000 0.000000
0.000000 0.000000
0.000000 0.000000
0.000000 0.000000


STXNR

a
0.323368 0.269894
0.322786 0.268184
0.100206 0.100605
0.120251 0.080738
0.060037 0.000109
b
0.000000 0.000000
0.000000 0.000000
0.000000 0.000000
0.000000 0.000000
0.000000 0.000000
c
0.000000 0.000000
0.000000 0.000000
0.000000 0.000000
0.000000 0.000000
0.000000 0.000000


SRXNR

a
0.322786 0.268184
0.320457 0.261343
0.100000 0.100000
0.120037 0.080109
0.060000 0.000000
b
0.000000 0.000000
0.000000 0.000000
0.000000 0.000000
0.000000 0.000000
0.000000 0.000000
c
0.000000 0.000000
0.000000 0.000000
0.000000 0.000000
0.000000 0.000000
0.000000 0.000000


iNR

a
0.000000 0.000000
0.000000 0.000000
0.035514 -0.029080
0.023616 -0.024255
0.009269 -0.012730
0.023256 0.025317
b
0.000000 0.000000
0.000000 0.000000
0.000000 0.000000
0.000000 0.000000
0.000000 0.000000
0.000000 0.000000
c
0.000000 0.000000
0.000000 0.000000
0.000000 0.000000
0.000000 0.000000
0.000000 0.000000
0.000000 0.000000


sNR

a
0.000000 0.000000
0.000000 0.000000
0.035189 0.028151
0.023406 0.023406
0.009242 0.012322
0.022336 -0.025109
b
0.000000 0.000000
0.000000 0.000000
0.000000 0.000000
0.000000 0.000000
0.000000 0.000000
0.000000 0.000000
c
0.000000 0.000000
0.000000 0.000000
0.000000 0.000000
0.000000 0.000000
0.000000 0.000000
0.000000 0.000000
VNR

a
1.000000 0.000000
0.996337 -0.002231
0.981687 -0.011157
0.977697 -0.013055
0.978072 -0.013849
0.977440 -0.015614
b
0.000000 0.000000
0.000000 0.000000
0.000000 0.000000
0.000000 0.000000
0.000000 0.000000
0.000000 0.000000
c
0.000000 0.000000
0.000000 0.000000
0.000000 0.000000
0.000000 0.000000
0.000000 0.000000
0.000000 0.000000


INR

a
0.323368 -0.269894
0.323368 -0.269894
0.100897 -0.103628
0.121544 -0.083626
0.061369 -0.000980
b
0.000000 0.000000
0.000000 0.000000
0.000000 0.000000
0.000000 0.000000
0.000000 0.000000
c
0.000000 0.000000
0.000000 0.000000
0.000000 0.000000
0.000000 0.000000
0.000000 0.000000


STXNR

a
0.323368 0.269894
0.322786 0.268184
0.100206 0.100605
0.120251 0.080738
0.060037 0.000109
b
0.000000 0.000000
0.000000 0.000000
0.000000 0.000000
0.000000 0.000000
0.000000 0.000000
c
0.000000 0.000000
0.000000 0.000000
0.000000 0.000000
0.000000 0.000000
0.000000 0.000000


SRXNR

a
0.322786 0.268184
0.320457 0.261343
0.100000 0.100000
0.120037 0.080109
0.060000 0.000000
b
0.000000 0.000000
0.000000 0.000000
0.000000 0.000000
0.000000 0.000000
0.000000 0.000000
c
0.000000 0.000000
0.000000 0.000000
0.000000 0.000000
0.000000 0.000000
0.000000 0.000000


iNR

a
0.000000 0.000000
0.000000 0.000000
0.036262 -0.029692
0.032113 -0.032982
0.011090 -0.015231
0.021177 0.026752
b
0.000000 0.000000
0.000000 0.000000
0.000000 0.000000
0.000000 0.000000
0.000000 0.000000
0.000000 0.000000
c
0.000000 0.000000
0.000000 0.000000
0.000000 0.000000
0.000000 0.000000
0.000000 0.000000
0.000000 0.000000


sNR

a
0.000000 0.000000
0.000000 0.000000
0.035929 0.028743
0.031827 0.031827
0.011058 0.014744
0.020282 -0.026479
b
0.000000 0.000000
0.000000 0.000000
0.000000 0.000000
0.000000 0.000000
0.000000 0.000000
0.000000 0.000000
c
0.000000 0.000000
0.000000 0.000000
0.000000 0.000000
0.000000 0.000000
0.000000 0.000000
0.000000 0.000000
VNR

a
1.000000 0.000000
0.996337 -0.002231
0.981687 -0.011157
0.977697 -0.013055
0.978072 -0.013849
0.977440 -0.015614
b
0.000000 0.000000
0.000000 0.000000
0.000000 0.000000
0.000000 0.000000
0.000000 0.000000
0.000000 0.000000
c
0.000000 0.000000
0.000000 0.000000
0.000000 0.000000
0.000000 0.000000
0.000000 0.000000
0.000000 0.000000


INR

a
0.323368 -0.269894
0.323368 -0.269894
0.100897 -0.103628
0.121544 -0.083626
0.061369 -0.000980
b
0.000000 0.000000
0.000000 0.000000
0.000000 0.000000
0.000000 0.000000
0.000000 0.000000
c
0.000000 0.000000
0.000000 0.000000
0.000000 0.000000
0.000000 0.000000
0.000000 0.000000


STXNR

a
0.323368 0.269894
0.322786 0.268184
0.100206 0.100605
0.120251 0.080738
0.060037 0.000109
b
0.000000 0.000000
0.000000 0.000000
0.000000 0.000000
0.000000 0.000000
0.000000 0.000000
c
0.000000 0.000000
0.000000 0.000000
0.000000 0.000000
0.000000 0.000000
0.000000 0.000000


SRXNR

a
0.322786 0.268184
0.320457 0.261343
0.100000 0.100000
0.120037 0.080109
0.060000 0.000000
b
0.000000 0.000000
0.000000 0.000000
0.000000 0.000000
0.000000 0.000000
0.000000 0.000000
c
0.000000 0.000000
0.000000 0.000000
0.000000 0.000000
0.000000 0.000000
0.000000 0.000000


iNR

a
0.000000 0.000000
0.000000 0.000000
0.034878 -0.028558
0.032258 -0.033131
0.011235 -0.015430
0.016907 0.029698
b
0.000000 0.000000
0.000000 0.000000
0.000000 0.000000
0.000000 0.000000
0.000000 0.000000
0.000000 0.000000
c
0.000000 0.000000
0.000000 0.000000
0.000000 0.000000
0.000000 0.000000
0.000000 0.000000
0.000000 0.000000


sNR

a
0.000000 0.000000
0.000000 0.000000
0.034558 0.027646
0.031971 0.031971
0.011202 0.014936
0.016062 -0.029292
b
0.000000 0.000000
0.000000 0.000000
0.000000 0.000000
0.000000 0.000000
0.000000 0.000000
0.000000 0.000000
c
0.000000 0.000000
0.000000 0.000000
0.000000 0.000000
0.000000 0.000000
0.000000 0.000000
0.000000 0.000000
VNR

a
1.000000 0.000000
0.996337 -0.002231
0.981687 -0.011157
0.977697 -0.013055
0.978072 -0.013849
0.977440 -0.015614
b
0.000000 0.000000
0.000000 0.000000
0.000000 0.000000
0.000000 0.000000
0.000000 0.000000
0.000000 0.000000
c
0.000000 0.000000
0.000000 0.000000
0.000000 0.000000
0.000000 0.000000
0.000000 0.000000
0.000000 0.000000


INR

a
0.323368 -0.269894
0.323368 -0.269894
0.100897 -0.103628
0.121544 -0.083626
0.061369 -0.000980
b
0.000000 0.000000
0.000000 0.000000
0.000000 0.000000
0.000000 0.000000
0.000000 0.000000
c
0.000000 0.000000
0.000000 0.000000
0.000000 0.000000
0.000000 0.000000
0.000000 0.000000


STXNR

a
0.323368 0.269894
0.322786 0.268184
0.100206 0.100605
0.120251 0.080738
0.060037 0.000109
b
0.000000 0.000000
0.000000 0.000000
0.000000 0.000000
0.000000 0.000000
0.000000 0.000000
c
0.000000 0.000000
0.000000 0.000000
0.000000 0.000000
0.000000 0.000000
0.000000 0.000000


SRXNR

a
0.322786 0.268184
0.320457 0.261343
0.100000 0.100000
0.120037 0.080109
0.060000 0.000000
b
0.000000 0.000000
0.000000 0.000000
0.000000 0.000000
0.000000 0.000000
0.000000 0.000000
c
0.000000 0.000000
0.000000 0.000000
0.000000 0.000000
0.000000 0.000000
0.000000 0.000000


iNR

a
0.000000 0.000000
0.000000 0.000000
0.042225 -0.034574
0.041705 -0.042834
0.011029 -0.015147
0.021040 0.026847
b
0.000000 0.000000
0.000000 0.000000
0.000000 0.000000
0.000000 0.000000
0.000000 0.000000
0.000000 0.000000
c
0.000000 0.000000
0.000000 0.000000
0.000000 0.000000
0.000000 0.000000
0.000000 0.000000
0.000000 0.000000


sNR

a
0.000000 0.000000
0.000000 0.000000
0.041837 0.033470
0.041334 0.041334
0.010997 0.014662
0.020146 -0.026570
b
0.000000 0.000000
0.000000 0.000000
0.000000 0.000000
0.000000 0.000000
0.000000 0.000000
0.000000 0.000000
c
0.000000 0.000000
0.000000 0.000000
0.000000 0.000000
0.000000 0.000000
0.000000 0.000000
0.000000 0.000000
VNR

a
1.000000 0.000000
0.996337 -0.002231
0.981687 -0.011157
0.977697 -0.013055
0.978072 -0.013849
0.977440 -0.015614
b
0.000000 0.000000
0.000000 0.000000
0.000000 0.000000
0.000000 0.000000
0.000000 0.000000
0.000000 0.000000
c
0.000000 0.000000
0.000000 0.000000
0.000000 0.000000
0.000000 0.000000
0.000000 0.000000
0.000000 0.000000


INR

a
0.323368 -0.269894
0.323368 -0.269894
0.100897 -0.103628
0.121544 -0.083626
0.061369 -0.000980
b
0.000000 0.000000
0.000000 0.000000
0.000000 0.000000
0.000000 0.000000
0.000000 0.000000
c
0.000000 0.000000
0.000000 0.000000
0.000000 0.000000
0.000000 0.000000
0.000000 0.000000


STXNR

a
0.323368 0.269894
0.322786 0.268184
0.100206 0.100605
0.120251 0.080738
0.060037 0.000109
b
0.000000 0.000000
0.000000 0.000000
0.000000 0.000000
0.000000 0.000000
0.000000 0.000000
c
0.000000 0.000000
0.000000 0.000000
0.000000 0.000000
0.000000 0.000000
0.000000 0.000000


SRXNR

a
0.322786 0.268184
0.320457 0.261343
0.100000 0.100000
0.120037 0.080109
0.060000 0.000000
b
0.000000 0.000000
0.000000 0.000000
0.000000 0.000000
0.000000 0.000000
0.000000 0.000000
c
0.000000 0.000000
0.000000 0.000000
0.000000 0.000000
0.000000 0.000000
0.000000 0.000000


iNR

a
0.000000 0.000000
0.000000 0.000000
0.043062 -0.035260
0.041381 -0.042501
0.009874 -0.013561
0.021447 0.026565
b
0.000000 0.000000
0.000000 0.000000
0.000000 0.000000
0.000000 0.000000
0.000000 0.000000
0.000000 0.000000
c
0.000000 0.000000
0.000000 0.000000
0.000000 0.000000
0.000000 0.000000
0.000000 0.000000
0.000000 0.000000


sNR

a
0.000000 0.000000
0.000000 0.000000
0.042667 0.034134
0.041013 0.041013
0.009845 0.013127
0.020549 -0.026301
b
0.000000 0.000000
0.000000 0.000000
0.000000 0.000000
0.000000 0.000000
0.000000 0.000000
0.000000 0.000000
c
0.000000 0.000000
0.000000 0.000000
0.000000 0.000000
0.000000 0.000000
0.000000 0.000000
0.000000 0.000000
VNR

a
1.000000 0.000000
0.996337 -0.002231
0.981687 -0.011157
0.977697 -0.013055
0.978072 -0.013849
0.977440 -0.015614
b
0.000000 0.000000
0.000000 0.000000
0.000000 0.000000
0.000000 0.000000
0.000000 0.000000
0.000000 0.000000
c
0.000000 0.000000
0.000000 0.000000
0.000000 0.000000
0.000000 0.000000
0.000000 0.000000
0.000000 0.000000


INR

a
0.323368 -0.269894
0.323368 -0.269894
0.100897 -0.103628
0.121544 -0.083626
0.061369 -0.000980
b
0.000000 0.000000
0.000000 0.000000
0.000000 0.000000
0.000000 0.000000
0.000000 0.000000
c
0.000000 0.000000
0.000000 0.000000
0.000000 0.000000
0.000000 0.000000
0.000000 0.000000


STXNR

a
0.323368 0.269894
0.322786 0.268184
0.100206 0.100605
0.120251 0.080738
0.060037 0.000109
b
0.000000 0.000000
0.000000 0.000000
0.000000 0.000000
0.000000 0.000000
0.000000 0.000000
c
0.000000 0.000000
0.000000 0.000000
0.000000 0.000000
0.000000 0.000000
0.000000 0.000000


SRXNR

a
0.322786 0.268184
0.320457 0.261343
0.100000 0.100000
0.120037 0.080109
0.060000 0.000000
b
0.000000 0.000000
0.000000 0.000000
0.000000 0.000000
0.000000 0.000000
0.000000 0.000000
c
0.000000 0.000000
0.000000 0.000000
0.000000 0.000000
0.000000 0.000000
0.000000 0.000000


iNR

a
0.000000 0.000000
0.000000 0.000000
0.042838 -0.035076
0.040848 -0.041953
0.010078 -0.013842
0.026434 0.023125
b
0.000000 0.000000
0.000000 0.000000
0.000000 0.000000
0.000000 0.000000
0.000000 0.000000
0.000000 0.000000
c
0.000000 0.000000
0.000000 0.000000
0.000000 0.000000
0.000000 0.000000
0.000000 0.000000
0.000000 0.000000


sNR

a
0.000000 0.000000
0.000000 0.000000
0.042444 0.033956
0.040484 0.040484
0.010049 0.013399
0.025476 -0.023016
b
0.000000 0.000000
0.000000 0.000000
0.000000 0.000000
0.000000 0.000000
0.000000 0.000000
0.000000 0.000000
c
0.000000 0.000000
0.000000 0.000000
0.000000 0.000000
0.000000 0.000000
0.000000 0.000000
0.000000 0.000000
VNR

a
1.000000 0.000000
0.996337 -0.002231
0.981687 -0.011157
0.977697 -0.013055
0.978072 -0.013849
0.977440 -0.015614
b
0.000000 0.000000
0.000000 0.000000
0.000000 0.000000
0.000000 0.000000
0.000000 0.000000
0.000000 0.000000
c
0.000000 0.000000
0.000000 0.000000
0.000000 0.000000
0.000000 0.000000
0.000000 0.000000
0.000000 0.000000


INR

a
0.323368 -0.269894
0.323368 -0.269894
0.100897 -0.103628
0.121544 -0.083626
0.061369 -0.000980
b
0.000000 0.000000
0.000000 0.000000
0.000000 0.000000
0.000000 0.000000
0.000000 0.000000
c
0.000000 0.000000
0.000000 0.000000
0.000000 0.000000
0.000000 0.000000
0.000000 0.000000


STXNR

a
0.323368 0.269894
0.322786 0.268184
0.100206 0.100605
0.120251 0.080738
0.060037 0.000109
b
0.000000 0.000000
0.000000 0.000000
0.000000 0.000000
0.000000 0.000000
0.000000 0.000000
c
0.000000 0.000000
0.000000 0.000000
0.000000 0.000000
0.000000 0.000000
0.000000 0.000000


SRXNR

a
0.322786 0.268184
0.320457 0.261343
0.100000 0.100000
0.120037 0.080109
0.060000 0.000000
b
0.000000 0.000000
0.000000 0.000000
0.000000 0.000000
0.000000 0.000000
0.000000 0.000000
c
0.000000 0.000000
0.000000 0.000000
0.000000 0.000000
0.000000 0.000000
0.000000 0.000000


iNR

a
0.000000 0.000000
0.000000 0.000000
0.047134 -0.038594
0.040252 -0.041341
0.009892 -0.013585
0.024237 0.024640
b
0.000000 0.000000
0.000000 0.000000
0.000000 0.000000
0.000000 0.000000
0.000000 0.000000
0.000000 0.000000
c
0.000000 0.000000
0.000000 0.000000
0.000000 0.000000
0.000000 0.000000
0.000000 0.000000
0.000000 0.000000


sNR

a
0.000000 0.000000
0.000000 0.000000
0.046702 0.037361
0.039894 0.039894
0.009863 0.013151
0.023306 -0.024463
b
0.000000 0.000000
0.000000 0.000000
0.000000 0.000000
0.000000 0.000000
0.000000 0.000000
0.000000 0.000000
c
0.000000 0.000000
0.000000 0.000000
0.000000 0.000000
0.000000 0.000000
0.000000 0.000000
0.000000 0.000000
VNR

a
1.000000 0.000000
0.996337 -0.002231
0.981687 -0.011157
0.977697 -0.013055
0.978072 -0.013849
0.977440 -0.015614
b
0.000000 0.000000
0.000000 0.000000
0.000000 0.000000
0.000000 0.000000
0.000000 0.000000
0.000000 0.000000
c
0.000000 0.000000
0.000000 0.000000
0.000000 0.000000
0.000000 0.000000
0.000000 0.000000
0.000000 0.000000


INR

a
0.323368 -0.269894
0.323368 -0.269894
0.100897 -0.103628
0.121544 -0.083626
0.061369 -0.000980
b
0.000000 0.000000
0.000000 0.000000
0.000000 0.000000
0.000000 0.000000
0.000000 0.000000
c
0.000000 0.000000
0.000000 0.000000
0.000000 0.000000
0.000000 0.000000
0.000000 0.000000


STXNR

a
0.323368 0.269894
0.322786 0.268184
0.100206 0.100605
0.120251 0.080738
0.060037 0.000109
b
0.000000 0.000000
0.000000 0.000000
0.000000 0.000000
0.000000 0.000000
0.000000 0.000000
c
0.000000 0.000000
0.000000 0.000000
0.000000 0.000000
0.000000 0.000000
0.000000 0.000000


SRXNR

a
0.322786 0.268184
0.320457 0.261343
0.100000 0.100000
0.120037 0.080109
0.060000 0.000000
b
0.000000 0.000000
0.000000 0.000000
0.000000 0.000000
0.000000 0.000000
0.000000 0.000000
c
0.000000 0.000000
0.000000 0.000000
0.000000 0.000000
0.000000 0.000000
0.000000 0.000000


iNR

a
0.000000 0.000000
0.000000 0.000000
0.044034 -0.036055
0.037136 -0.038141
0.008193 -0.011252
0.021826 0.026304
b
0.000000 0.000000
0.000000 0.000000
0.000000 0.000000
0.000000 0.000000
0.000000 0.000000
0.000000 0.000000
c
0.000000 0.000000
0.000000 0.000000
0.000000 0.000000
0.000000 0.000000
0.000000 0.000000
0.000000 0.000000


sNR

a
0.000000 0.000000
0.000000 0.000000
0.043630 0.034904
0.036805 0.036805
0.008169 0.010892
0.020923 -0.026052
b
0.000000 0.000000
0.000000 0.000000
0.000000 0.000000
0.000000 0.000000
0.000000 0.000000
0.000000 0.000000
c
0.000000 0.000000
0.000000 0.000000
0.000000 0.000000
0.000000 0.000000
0.000000 0.000000
0.000000 0.000000
VNR

a
1.000000 0.000000
0.996337 -0.002231
0.981687 -0.011157
0.977697 -0.013055
0.978072 -0.013849
0.977440 -0.015614
b
0.000000 0.000000
0.000000 0.000000
0.000000 0.000000
0.000000 0.000000
0.000000 0.000000
0.000000 0.000000
c
0.000000 0.000000
0.000000 0.000000
0.000000 0.000000
0.000000 0.000000
0.000000 0.000000
0.000000 0.000000


INR

a
0.323368 -0.269894
0.323368 -0.269894
0.100897 -0.103628
0.121544 -0.083626
0.061369 -0.000980
b
0.000000 0.000000
0.000000 0.000000
0.000000 0.000000
0.000000 0.000000
0.000000 0.000000
c
0.000000 0.000000
0.000000 0.000000
0.000000 0.000000
0.000000 0.000000
0.000000 0.000000


STXNR

a
0.323368 0.269894
0.322786 0.268184
0.100206 0.100605
0.120251 0.080738
0.060037 0.000109
b
0.000000 0.000000
0.000000 0.000000
0.000000 0.000000
0.000000 0.000000
0.000000 0.000000
c
0.000000 0.000000
0.000000 0.000000
0.000000 0.000000
0.000000 0.000000
0.000000 0.000000


SRXNR

a
0.322786 0.268184
0.320457 0.261343
0.100000 0.100000
0.120037 0.080109
0.060000 0.000000
b
0.000000 0.000000
0.000000 0.000000
0.000000 0.000000
0.000000 0.000000
0.000000 0.000000
c
0.000000 0.000000
0.000000 0.000000
0.000000 0.000000
0.000000 0.000000
0.000000 0.000000


iNR

a
0.000000 0.000000
0.000000 0.000000
0.041116 -0.033666
0.035414 -0.036372
0.007783 -0.010690
0.019102 0.028184
b
0.000000 0.000000
0.000000 0.000000
0.000000 0.000000
0.000000 0.000000
0.000000 0.000000
0.000000 0.000000
c
0.000000 0.000000
0.000000 0.000000
0.000000 0.000000
0.000000 0.000000
0.000000 0.000000
0.000000 0.000000


sNR

a
0.000000 0.000000
0.000000 0.000000
0.040738 0.032591
0.035099 0.035099
0.007761 0.010348
0.018231 -0.027846
b
0.000000 0.000000
0.000000 0.000000
0.000000 0.000000
0.000000 0.000000
0.000000 0.000000
0.000000 0.000000
c
0.000000 0.000000
0.000000 0.000000
0.000000 0.000000
0.000000 0.000000
0.000000 0.000000
0.000000 0.000000
VNR

a
1.000000 0.000000
0.996337 -0.002231
0.981687 -0.011157
0.977697 -0.013055
0.978072 -0.013849
0.977440 -0.015614
b
0.000000 0.000000
0.000000 0.000000
0.000000 0.000000
0.000000 0.000000
0.000000 0.000000
0.000000 0.000000
c
0.000000 0.000000
0.000000 0.000000
0.000000 0.000000
0.000000 0.000000
0.000000 0.000000
0.000000 0.000000


INR

a
0.323368 -0.269894
0.323368 -0.269894
0.100897 -0.103628
0.121544 -0.083626
0.061369 -0.000980
b
0.000000 0.000000
0.000000 0.000000
0.000000 0.000000
0.000000 0.000000
0.000000 0.000000
c
0.000000 0.000000
0.000000 0.000000
0.000000 0.000000
0.000000 0.000000
0.000000 0.000000


STXNR

a
0.323368 0.269894
0.322786 0.268184
0.100206 0.100605
0.120251 0.080738
0.060037 0.000109
b
0.000000 0.000000
0.000000 0.000000
0.000000 0.000000
0.000000 0.000000
0.000000 0.000000
c
0.000000 0.000000
0.000000 0.000000
0.000000 0.000000
0.000000 0.000000
0.000000 0.000000


SRXNR

a
0.322786 0.268184
0.320457 0.261343
0.100000 0.100000
0.120037 0.080109
0.060000 0.000000
b
0.000000 0.000000
0.000000 0.000000
0.000000 0.000000
0.000000 0.000000
0.000000 0.000000
c
0.000000 0.000000
0.000000 0.000000
0.000000 0.000000
0.000000 0.000000
0.000000 0.000000


iNR

a
0.000000 0.000000
0.000000 0.000000
0.032676 -0.026755
0.035533 -0.036495
0.007355 -0.010101
0.017926 0.028995
b
0.000000 0.000000
0.000000 0.000000
0.000000 0.000000
0.000000 0.000000
0.000000 0.000000
0.000000 0.000000
c
0.000000 0.000000
0.000000 0.000000
0.000000 0.000000
0.000000 0.000000
0.000000 0.000000
0.000000 0.000000


sNR

a
0.000000 0.000000
0.000000 0.000000
0.032376 0.025901
0.035217 0.035217
0.007333 0.009778
0.017068 -0.028621
b
0.000000 0.000000
0.000000 0.000000
0.000000 0.000000
0.000000 0.000000
0.000000 0.000000
0.000000 0.000000
c
0.000000 0.000000
0.000000 0.000000
0.000000 0.000000
0.000000 0.000000
0.000000 0.000000
0.000000 0.000000
VNR

a
1.000000 0.000000
0.996337 -0.002231
0.981687 -0.011157
0.977697 -0.013055
0.978072 -0.013849
0.977440 -0.015614
b
0.000000 0.000000
0.000000 0.000000
0.000000 0.000000
0.000000 0.000000
0.000000 0.000000
0.000000 0.000000
c
0.000000 0.000000
0.000000 0.000000
0.000000 0.000000
0.000000 0.000000
0.000000 0.000000
0.000000 0.000000


INR

a
0.323368 -0.269894
0.323368 -0.269894
0.100897 -0.103628
0.121544 -0.083626
0.061369 -0.000980
b
0.000000 0.000000
0.000000 0.000000
0.000000 0.000000
0.000000 0.000000
0.000000 0.000000
c
0.000000 0.000000
0.000000 0.000000
0.000000 0.000000
0.000000 0.000000
0.000000 0.000000


STXNR

a
0.323368 0.269894
0.322786 0.268184
0.100206 0.100605
0.120251 0.080738
0.060037 0.000109
b
0.000000 0.000000
0.000000 0.000000
0.000000 0.000000
0.000000 0.000000
0.000000 0.000000
c
0.000000 0.000000
0.000000 0.000000
0.000000 0.000000
0.000000 0.000000
0.000000 0.000000


SRXNR

a
0.322786 0.268184
0.320457 0.261343
0.100000 0.100000
0.120037 0.080109
0.060000 0.000000
b
0.000000 0.000000
0.000000 0.000000
0.000000 0.000000
0.000000 0.000000
0.000000 0.000000
c
0.000000 0.000000
0.000000 0.000000
0.000000 0.000000
0.000000 0.000000
0.000000 0.000000


iNR

a
0.000000 0.000000
0.000000 0.000000
0.030980 -0.025367
0.041017 -0.042127
0.011616 -0.015954
0.015668 0.030553
b
0.000000 0.000000
0.000000 0.000000
0.000000 0.000000
0.000000 0.000000
0.000000 0.000000
0.000000 0.000000
c
0.000000 0.000000
0.000000 0.000000
0.000000 0.000000
0.000000 0.000000
0.000000 0.000000
0.000000 0.000000


sNR

a
0.000000 0.000000
0.000000 0.000000
0.030696 0.024557
0.040652 0.040652
0.011582 0.015443
0.014838 -0.030108
b
0.000000 0.000000
0.000000 0.000000
0.000000 0.000000
0.000000 0.000000
0.000000 0.000000
0.000000 0.000000
c
0.000000 0.000000
0.000000 0.000000
0.000000 0.000000
0.000000 0.000000
0.000000 0.000000
0.000000 0.000000
VNR

a
1.000000 0.000000
0.996337 -0.002231
0.981687 -0.011157
0.977697 -0.013055
0.978072 -0.013849
0.977440 -0.015614
b
0.000000 0.000000
0.000000 0.000000
0.000000 0.000000
0.000000 0.000000
0.000000 0.000000
0.000000 0.000000
c
0.000000 0.000000
0.000000 0.000000
0.000000 0.000000
0.000000 0.000000
0.000000 0.000000
0.000000 0.000000


INR

a
0.323368 -0.269894
0.323368 -0.269894
0.100897 -0.103628
0.121544 -0.083626
0.061369 -0.000980
b
0.000000 0.000000
0.000000 0.000000
0.000000 0.000000
0.000000 0.000000
0.000000 0.000000
c
0.000000 0.000000
0.000000 0.000000
0.000000 0.000000
0.000000 0.000000
0.000000 0.000000


STXNR

a
0.323368 0.269894
0.322786 0.268184
0.100206 0.100605
0.120251 0.080738
0.060037 0.000109
b
0.000000 0.000000
0.000000 0.000000
0.000000 0.000000
0.000000 0.000000
0.000000 0.000000
c
0.000000 0.000000
0.000000 0.000000
0.000000 0.000000
0.000000 0.000000
0.000000 0.000000


SRXNR

a
0.322786 0.268184
0.320457 0.261343
0.100000 0.100000
0.120037 0.080109
0.060000 0.000000
b
0.000000 0.000000
0.000000 0.000000
0.000000 0.000000
0.000000 0.000000
0.000000 0.000000
c
0.000000 0.000000
0.000000 0.000000
0.000000 0.000000
0.000000 0.000000
0.000000 0.000000


iNR

a
0.000000 0.000000
0.000000 0.000000
0.029683 -0.024305
0.040301 -0.041392
0.011748 -0.016134
0.014268 0.031519
b
0.000000 0.000000
0.000000 0.000000
0.000000 0.000000
0.000000 0.000000
0.000000 0.000000
0.000000 0.000000
c
0.000000 0.000000
0.000000 0.000000
0.000000 0.000000
0.000000 0.000000
0.000000 0.000000
0.000000 0.000000


sNR

a
0.000000 0.000000
0.000000 0.000000
0.029411 0.023529
0.039943 0.039943
0.011713 0.015618
0.013454 -0.031031
b
0.000000 0.000000
0.000000 0.000000
0.000000 0.000000
0.000000 0.000000
0.000000 0.000000
0.000000 0.000000
c
0.000000 0.000000
0.000000 0.000000
0.000000 0.000000
0.000000 0.000000
0.000000 0.000000
0.000000 0.000000
VNR

a
1.000000 0.000000
0.996337 -0.002231
0.981687 -0.011157
0.977697 -0.013055
0.978072 -0.013849
0.977440 -0.015614
b
0.000000 0.000000
0.000000 0.000000
0.000000 0.000000
0.000000 0.000000
0.000000 0.000000
0.000000 0.000000
c
0.000000 0.000000
0.000000 0.000000
0.000000 0.000000
0.000000 0.000000
0.000000 0.000000
0.000000 0.000000


INR

a
0.323368 -0.269894
0.323368 -0.269894
0.100897 -0.103628
0.121544 -0.083626
0.061369 -0.000980
b
0.000000 0.000000
0.000000 0.000000
0.000000 0.000000
0.000000 0.000000
0.000000 0.000000
c
0.000000 0.000000
0.000000 0.000000
0.000000 0.000000
0.000000 0.000000
0.000000 0.000000


STXNR

a
0.323368 0.269894
0.322786 0.268184
0.100206 0.100605
0.120251 0.080738
0.060037 0.000109
b
0.000000 0.000000
0.000000 0.000000
0.000000 0.000000
0.000000 0.000000
0.000000 0.000000
c
0.000000 0.000000
0.000000 0.000000
0.000000 0.000000
0.000000 0.000000
0.000000 0.000000


SRXNR

a
0.322786 0.268184
0.320457 0.261343
0.100000 0.100000
0.120037 0.080109
0.060000 0.000000
b
0.000000 0.000000
0.000000 0.000000
0.000000 0.000000
0.000000 0.000000
0.000000 0.000000
c
0.000000 0.000000
0.000000 0.000000
0.000000 0.000000
0.000000 0.000000
0.000000 0.000000


iNR

a
0.000000 0.000000
0.000000 0.000000
0.028730 -0.023524
0.039414 -0.040481
0.011830 -0.016247
0.014135 0.031611
b
0.000000 0.000000
0.000000 0.000000
0.000000 0.000000
0.000000 0.000000
0.000000 0.000000
0.000000 0.000000
c
0.000000 0.000000
0.000000 0.000000
0.000000 0.000000
0.000000 0.000000
0.000000 0.000000
0.000000 0.000000


sNR

a
0.000000 0.000000
0.000000 0.000000
0.028466 0.022773
0.039063 0.039063
0.011795 0.015727
0.013323 -0.031118
b
0.000000 0.000000
0.000000 0.000000
0.000000 0.000000
0.000000 0.000000
0.000000 0.000000
0.000000 0.000000
c
0.000000 0.000000
0.000000 0.000000
0.000000 0.000000
0.000000 0.000000
0.000000 0.000000
0.000000 0.000000
VNR

a
1.000000 0.000000
0.996337 -0.002231
0.981687 -0.011157
0.977697 -0.013055
0.978072 -0.013849
0.977440 -0.015614
b
0.000000 0.000000
0.000000 0.000000
0.000000 0.000000
0.000000 0.000000
0.000000 0.000000
0.000000 0.000000
c
0.000000 0.000000
0.000000 0.000000
0.000000 0.000000
0.000000 0.000000
0.000000 0.000000
0.000000 0.000000


INR

a
0.323368 -0.269894
0.323368 -0.269894
0.100897 -0.103628
0.121544 -0.083626
0.061369 -0.000980
b
0.000000 0.000000
0.000000 0.000000
0.000000 0.000000
0.000000 0.000000
0.000000 0.000000
c
0.000000 0.000000
0.000000 0.000000
0.000000 0.000000
0.000000 0.000000
0.000000 0.000000


STXNR

a
0.323368 0.269894
0.322786 0.268184
0.100206 0.100605
0.120251 0.080738
0.060037 0.000109
b
0.000000 0.000000
0.000000 0.000000
0.000000 0.000000
0.000000 0.000000
0.000000 0.000000
c
0.000000 0.000000
0.000000 0.000000
0.000000 0.000000
0.000000 0.000000
0.000000 0.000000


SRXNR

a
0.322786 0.268184
0.320457 0.261343
0.100000 0.100000
0.120037 0.080109
0.060000 0.000000
b
0.000000 0.000000
0.000000 0.000000
0.000000 0.000000
0.000000 0.000000
0.000000 0.000000
c
0.000000 0.000000
0.000000 0.000000
0.000000 0.000000
0.000000 0.000000
0.000000 0.000000


iNR

a
0.000000 0.000000
0.000000 0.000000
0.032826 -0.026878
0.035248 -0.036202
0.011922 -0.016374
0.014065 0.031659
b
0.000000 0.000000
0.000000 0.000000
0.000000 0.000000
0.000000 0.000000
0.000000 0.000000
0.000000 0.000000
c
0.000000 0.000000
0.000000 0.000000
0.000000 0.000000
0.000000 0.000000
0.000000 0.000000
0.000000 0.000000


sNR

a
0.000000 0.000000
0.000000 0.000000
0.032525 0.026020
0.034935 0.034935
0.011888 0.015850
0.013253 -0.031165
b
0.000000 0.000000
0.000000 0.000000
0.000000 0.000000
0.000000 0.000000
0.000000 0.000000
0.000000 0.000000
c
0.000000 0.000000
0.000000 0.000000
0.000000 0.000000
0.000000 0.000000
0.000000 0.000000
0.000000 0.000000
VNR

a
1.000000 0.000000
0.996337 -0.002231
0.981687 -0.011157
0.977697 -0.013055
0.978072 -0.013849
0.977440 -0.015614
b
0.000000 0.000000
0.000000 0.000000
0.000000 0.000000
0.000000 0.000000
0.000000 0.000000
0.000000 0.000000
c
0.000000 0.000000
0.000000 0.000000
0.000000 0.000000
0.000000 0.000000
0.000000 0.000000
0.000000 0.000000


INR

a
0.323368 -0.269894
0.323368 -0.269894
0.100897 -0.103628
0.121544 -0.083626
0.061369 -0.000980
b
0.000000 0.000000
0.000000 0.000000
0.000000 0.000000
0.000000 0.000000
0.000000 0.000000
c
0.000000 0.000000
0.000000 0.000000
0.000000 0.000000
0.000000 0.000000
0.000000 0.000000


STXNR

a
0.323368 0.269894
0.322786 0.268184
0.100206 0.100605
0.120251 0.080738
0.060037 0.000109
b
0.000000 0.000000
0.000000 0.000000
0.000000 0.000000
0.000000 0.000000
0.000000 0.000000
c
0.000000 0.000000
0.000000 0.000000
0.000000 0.000000
0.000000 0.000000
0.000000 0.000000


SRXNR

a
0.322786 0.268184
0.320457 0.261343
0.100000 0.100000
0.120037 0.080109
0.060000 0.000000
b
0.000000 0.000000
0.000000 0.000000
0.000000 0.000000
0.000000 0.000000
0.000000 0.000000
c
0.000000 0.000000
0.000000 0.000000
0.000000 0.000000
0.000000 0.000000
0.000000 0.000000


iNR

a
0.000000 0.000000
0.000000 0.000000
0.033484 -0.027417
0.024139 -0.024792
0.014627 -0.020089
0.014145 0.031604
b
0.000000 0.000000
0.000000 0.000000
0.000000 0.000000
0.000000 0.000000
0.000000 0.000000
0.000000 0.000000
c
0.000000 0.000000
0.000000 0.000000
0.000000 0.000000
0.000000 0.000000
0.000000 0.000000
0.000000 0.000000


sNR

a
0.000000 0.000000
0.000000 0.000000
0.033176 0.026541
0.023924 0.023924
0.014584 0.019446
0.013332 -0.031112
b
0.000000 0.000000
0.000000 0.000000
0.000000 0.000000
0.000000 0.000000
0.000000 0.000000
0.000000 0.000000
c
0.000000 0.000000
0.000000 0.000000
0.000000 0.000000
0.000000 0.000000
0.000000 0.000000
0.000000 0.000000
VNR

a
1.000000 0.000000
0.996337 -0.002231
0.981687 -0.011157
0.977697 -0.013055
0.978072 -0.013849
0.977440 -0.015614
b
0.000000 0.000000
0.000000 0.000000
0.000000 0.000000
0.000000 0.000000
0.000000 0.000000
0.000000 0.000000
c
0.000000 0.000000
0.000000 0.000000
0.000000 0.000000
0.000000 0.000000
0.000000 0.000000
0.000000 0.000000


INR

a
0.323368 -0.269894
0.323368 -0.269894
0.100897 -0.103628
0.121544 -0.083626
0.061369 -0.000980
b
0.000000 0.000000
0.000000 0.000000
0.000000 0.000000
0.000000 0.000000
0.000000 0.000000
c
0.000000 0.000000
0.000000 0.000000
0.000000 0.000000
0.000000 0.000000
0.000000 0.000000


STXNR

a
0.323368 0.269894
0.322786 0.268184
0.100206 0.100605
0.120251 0.080738
0.060037 0.000109
b
0.000000 0.000000
0.000000 0.000000
0.000000 0.000000
0.000000 0.000000
0.000000 0.000000
c
0.000000 0.000000
0.000000 0.000000
0.000000 0.000000
0.000000 0.000000
0.000000 0.000000


SRXNR

a
0.322786 0.268184
0.320457 0.261343
0.100000 0.100000
0.120037 0.080109
0.060000 0.000000
b
0.000000 0.000000
0.000000 0.000000
0.000000 0.000000
0.000000 0.000000
0.000000 0.000000
c
0.000000 0.000000
0.000000 0.000000
0.000000 0.000000
0.000000 0.000000
0.000000 0.000000


iNR

a
0.000000 0.000000
0.000000 0.000000
0.038293 -0.031354
0.021563 -0.022147
0.017478 -0.024004
0.014120 0.031621
b
0.000000 0.000000
0.000000 0.000000
0.000000 0.000000
0.000000 0.000000
0.000000 0.000000
0.000000 0.000000
c
0.000000 0.000000
0.000000 0.000000
0.000000 0.000000
0.000000 0.000000
0.000000 0.000000
0.000000 0.000000


sNR

a
0.000000 0.000000
0.000000 0.000000
0.037941 0.030353
0.021371 0.021371
0.017427 0.023236
0.013308 -0.031128
b
0.000000 0.000000
0.000000 0.000000
0.000000 0.000000
0.000000 0.000000
0.000000 0.000000
0.000000 0.000000
c
0.000000 0.000000
0.000000 0.000000
0.000000 0.000000
0.000000 0.000000
0.000000 0.000000
0.000000 0.000000
VNR

a
1.000000 0.000000
0.996337 -0.002231
0.981687 -0.011157
0.977697 -0.013055
0.978072 -0.013849
0.977440 -0.015614
b
0.000000 0.000000
0.000000 0.000000
0.000000 0.000000
0.000000 0.000000
0.000000 0.000000
0.000000 0.000000
c
0.000000 0.000000
0.000000 0.000000
0.000000 0.000000
0.000000 0.000000
0.000000 0.000000
0.000000 0.000000


INR

a
0.323368 -0.269894
0.323368 -0.269894
0.100897 -0.103628
0.121544 -0.083626
0.061369 -0.000980
b
0.000000 0.000000
0.000000 0.000000
0.000000 0.000000
0.000000 0.000000
0.000000 0.000000
c
0.000000 0.000000
0.000000 0.000000
0.000000 0.000000
0.000000 0.000000
0.000000 0.000000


STXNR

a
0.323368 0.269894
0.322786 0.268184
0.100206 0.100605
0.120251 0.080738
0.060037 0.000109
b
0.000000 0.000000
0.000000 0.000000
0.000000 0.000000
0.000000 0.000000
0.000000 0.000000
c
0.000000 0.000000
0.000000 0.000000
0.000000 0.000000
0.000000 0.000000
0.000000 0.000000


SRXNR

a
0.322786 0.268184
0.320457 0.261343
0.100000 0.100000
0.120037 0.080109
0.060000 0.000000
b
0.000000 0.000000
0.000000 0.000000
0.000000 0.000000
0.000000 0.000000
0.000000 0.000000
c
0.000000 0.000000
0.000000 0.000000
0.000000 0.000000
0.000000 0.000000
0.000000 0.000000


iNR

a
0.000000 0.000000
0.000000 0.000000
0.039360 -0.032228
0.020146 -0.020691
0.015733 -0.021607
0.009724 0.034655
b
0.000000 0.000000
0.000000 0.000000
0.000000 0.000000
0.000000 0.000000
0.000000 0.000000
0.000000 0.000000
c
0.000000 0.000000
0.000000 0.000000
0.000000 0.000000
0.000000 0.000000
0.000000 0.000000
0.000000 0.000000


sNR

a
0.000000 0.000000
0.000000 0.000000
0.038998 0.031199
0.019967 0.019967
0.015687 0.020916
0.008963 -0.034025
b
0.000000 0.000000
0.000000 0.000000
0.000000 0.000000
0.000000 0.000000
0.000000 0.000000
0.000000 0.000000
c
0.000000 0.000000
0.000000 0.000000
0.000000 0.000000
0.000000 0.000000
0.000000 0.000000
0.000000 0.000000
VNR

a
1.000000 0.000000
0.996337 -0.002231
0.981687 -0.011157
0.977697 -0.013055
0.978072 -0.013849
0.977440 -0.015614
b
0.000000 0.000000
0.000000 0.000000
0.000000 0.000000
0.000000 0.000000
0.000000 0.000000
0.000000 0.000000
c
0.000000 0.000000
0.000000 0.000000
0.000000 0.000000
0.000000 0.000000
0.000000 0.000000
0.000000 0.000000


INR

a
0.323368 -0.269894
0.323368 -0.269894
0.100897 -0.103628
0.121544 -0.083626
0.061369 -0.000980
b
0.000000 0.000000
0.000000 0.000000
0.000000 0.000000
0.000000 0.000000
0.000000 0.000000
c
0.000000 0.000000
0.000000 0.000000
0.000000 0.000000
0.000000 0.000000
0.000000 0.000000


STXNR

a
0.323368 0.269894
0.322786 0.268184
0.100206 0.100605
0.120251 0.080738
0.060037 0.000109
b
0.000000 0.000000
0.000000 0.000000
0.000000 0.000000
0.000000 0.000000
0.000000 0.000000
c
0.000000 0.000000
0.000000 0.000000
0.000000 0.000000
0.000000 0.000000
0.000000 0.000000


SRXNR

a
0.322786 0.268184
0.320457 0.261343
0.100000 0.100000
0.120037 0.080109
0.060000 0.000000
b
0.000000 0.000000
0.000000 0.000000
0.000000 0.000000
0.000000 0.000000
0.000000 0.000000
c
0.000000 0.000000
0.000000 0.000000
0.000000 0.000000
0.000000 0.000000
0.000000 0.000000


iNR

a
0.000000 0.000000
0.000000 0.000000
0.042003 -0.034393
0.024619 -0.025286
0.015343 -0.021072
0.008983 0.035165
b
0.000000 0.000000
0.000000 0.000000
0.000000 0.000000
0.000000 0.000000
0.000000 0.000000
0.000000 0.000000
c
0.000000 0.000000
0.000000 0.000000
0.000000 0.000000
0.000000 0.000000
0.000000 0.000000
0.000000 0.000000


sNR

a
0.000000 0.000000
0.000000 0.000000
0.041618 0.033294
0.024400 0.024400
0.015298 0.020397
0.008231 -0.034512
b
0.000000 0.000000
0.000000 0.000000
0.000000 0.000000
0.000000 0.000000
0.000000 0.000000
0.000000 0.000000
c
0.000000 0.000000
0.000000 0.000000
0.000000 0.000000
0.000000 0.000000
0.000000 0.000000
0.000000 0.000000
VNR

a
1.000000 0.000000
0.996337 -0.002231
0.981687 -0.011157
0.977697 -0.013055
0.978072 -0.013849
0.977440 -0.015614
b
0.000000 0.000000
0.000000 0.000000
0.000000 0.000000
0.000000 0.000000
0.000000 0.000000
0.000000 0.000000
c
0.000000 0.000000
0.000000 0.000000
0.000000 0.000000
0.000000 0.000000
0.000000 0.000000
0.000000 0.000000


INR

a
0.323368 -0.269894
0.323368 -0.269894
0.100897 -0.103628
0.121544 -0.083626
0.061369 -0.000980
b
0.000000 0.000000
0.000000 0.000000
0.000000 0.000000
0.000000 0.000000
0.000000 0.000000
c
0.000000 0.000000
0.000000 0.000000
0.000000 0.000000
0.000000 0.000000
0.000000 0.000000


STXNR

a
0.323368 0.269894
0.322786 0.268184
0.100206 0.100605
0.120251 0.080738
0.060037 0.000109
b
0.000000 0.000000
0.000000 0.000000
0.000000 0.000000
0.000000 0.000000
0.000000 0.000000
c
0.000000 0.000000
0.000000 0.000000
0.000000 0.000000
0.000000 0.000000
0.000000 0.000000


SRXNR

a
0.322786 0.268184
0.320457 0.261343
0.100000 0.100000
0.120037 0.080109
0.060000 0.000000
b
0.000000 0.000000
0.000000 0.000000
0.000000 0.000000
0.000000 0.000000
0.000000 0.000000
c
0.000000 0.000000
0.000000 0.000000
0.000000 0.000000
0.000000 0.000000
0.000000 0.000000


iNR

a
0.000000 0.000000
0.000000 0.000000
0.038150 -0.031238
0.024738 -0.025408
0.013573 -0.018642
0.008921 0.035208
b
0.000000 0.000000
0.000000 0.000000
0.000000 0.000000
0.000000 0.000000
0.000000 0.000000
0.000000 0.000000
c
0.000000 0.000000
0.000000 0.000000
0.000000 0.000000
0.000000 0.000000
0.000000 0.000000
0.000000 0.000000


sNR

a
0.000000 0.000000
0.000000 0.000000
0.037800 0.030240
0.024518 0.024518
0.013534 0.018045
0.008170 -0.034553
b
0.000000 0.000000
0.000000 0.000000
0.000000 0.000000
0.000000 0.000000
0.000000 0.000000
0.000000 0.000000
c
0.000000 0.000000
0.000000 0.000000
0.000000 0.000000
0.000000 0.000000
0.000000 0.000000
0.000000 0.000000
VNR

a
1.000000 0.000000
0.996337 -0.002231
0.981687 -0.011157
0.977697 -0.013055
0.978072 -0.013849
0.977440 -0.015614
b
0.000000 0.000000
0.000000 0.000000
0.000000 0.000000
0.000000 0.000000
0.000000 0.000000
0.000000 0.000000
c
0.000000 0.000000
0.000000 0.000000
0.000000 0.000000
0.000000 0.000000
0.000000 0.000000
0.000000 0.000000


INR

a
0.323368 -0.269894
0.323368 -0.269894
0.100897 -0.103628
0.121544 -0.083626
0.061369 -0.000980
b
0.000000 0.000000
0.000000 0.000000
0.000000 0.000000
0.000000 0.000000
0.000000 0.000000
c
0.000000 0.000000
0.000000 0.000000
0.000000 0.000000
0.000000 0.000000
0.000000 0.000000


STXNR

a
0.323368 0.269894
0.322786 0.268184
0.100206 0.100605
0.120251 0.080738
0.060037 0.000109
b
0.000000 0.000000
0.000000 0.000000
0.000000 0.000000
0.000000 0.000000
0.000000 0.000000
c
0.000000 0.000000
0.000000 0.000000
0.000000 0.000000
0.000000 0.000000
0.000000 0.000000


SRXNR

a
0.322786 0.268184
0.320457 0.261343
0.100000 0.100000
0.120037 0.080109
0.060000 0.000000
b
0.000000 0.000000
0.000000 0.000000
0.000000 0.000000
0.000000 0.000000
0.000000 0.000000
c
0.000000 0.000000
0.000000 0.000000
0.000000 0.000000
0.000000 0.000000
0.000000 0.000000


iNR

a
0.000000 0.000000
0.000000 0.000000
0.035562 -0.029119
0.024593 -0.025258
0.012843 -0.017639
0.013778 0.031857
b
0.000000 0.000000
0.000000 0.000000
0.000000 0.000000
0.000000 0.000000
0.000000 0.000000
0.000000 0.000000
c
0.000000 0.000000
0.000000 0.000000
0.000000 0.000000
0.000000 0.000000
0.000000 0.000000
0.000000 0.000000


sNR

a
0.000000 0.000000
0.000000 0.000000
0.035236 0.028189
0.024374 0.024374
0.012805 0.017074
0.012970 -0.031354
b
0.000000 0.000000
0.000000 0.000000
0.000000 0.000000
0.000000 0.000000
0.000000 0.000000
0.000000 0.000000
c
0.000000 0.000000
0.000000 0.000000
0.000000 0.000000
0.000000 0.000000
0.000000 0.000000
0.000000 0.000000
VNR

a
1.000000 0.000000
0.996337 -0.002231
0.981687 -0.011157
0.977697 -0.013055
0.978072 -0.013849
0.977440 -0.015614
b
0.000000 0.000000
0.000000 0.000000
0.000000 0.000000
0.000000 0.000000
0.000000 0.000000
0.000000 0.000000
c
0.000000 0.000000
0.000000 0.000000
0.000000 0.000000
0.000000 0.000000
0.000000 0.000000
0.000000 0.000000


INR

a
0.323368 -0.269894
0.323368 -0.269894
0.100897 -0.103628
0.121544 -0.083626
0.061369 -0.000980
b
0.000000 0.000000
0.000000 0.000000
0.000000 0.000000
0.000000 0.000000
0.000000 0.000000
c
0.000000 0.000000
0.000000 0.000000
0.000000 0.000000
0.000000 0.000000
0.000000 0.000000


STXNR

a
0.323368 0.269894
0.322786 0.268184
0.100206 0.100605
0.120251 0.080738
0.060037 0.000109
b
0.000000 0.000000
0.000000 0.000000
0.000000 0.000000
0.000000 0.000000
0.000000 0.000000
c
0.000000 0.000000
0.000000 0.000000
0.000000 0.000000
0.000000 0.000000
0.000000 0.000000


SRXNR

a
0.322786 0.268184
0.320457 0.261343
0.100000 0.100000
0.120037 0.080109
0.060000 0.000000
b
0.000000 0.000000
0.000000 0.000000
0.000000 0.000000
0.000000 0.000000
0.000000 0.000000
c
0.000000 0.000000
0.000000 0.000000
0.000000 0.000000
0.000000 0.000000
0.000000 0.000000


iNR

a
0.000000 0.000000
0.000000 0.000000
0.035544 -0.029103
0.024384 -0.025044
0.011538 -0.015847
0.018261 0.028764
b
0.000000 0.000000
0.000000 0.000000
0.000000 0.000000
0.000000 0.000000
0.000000 0.000000
0.000000 0.000000
c
0.000000 0.000000
0.000000 0.000000
0.000000 0.000000
0.000000 0.000000
0.000000 0.000000
0.000000 0.000000


sNR

a
0.000000 0.000000
0.000000 0.000000
0.035217 0.028174
0.024167 0.024167
0.011505 0.015340
0.017400 -0.028400
b
0.000000 0.000000
0.000000 0.000000
0.000000 0.000000
0.000000 0.000000
0.000000 0.000000
0.000000 0.000000
c
0.000000 0.000000
0.000000 0.000000
0.000000 0.000000
0.000000 0.000000
0.000000 0.000000
0.000000 0.000000
VNR

a
1.000000 0.000000
0.996337 -0.002231
0.981687 -0.011157
0.977697 -0.013055
0.978072 -0.013849
0.977440 -0.015614
b
0.000000 0.000000
0.000000 0.000000
0.000000 0.000000
0.000000 0.000000
0.000000 0.000000
0.000000 0.000000
c
0.000000 0.000000
0.000000 0.000000
0.000000 0.000000
0.000000 0.000000
0.000000 0.000000
0.000000 0.000000


INR

a
0.323368 -0.269894
0.323368 -0.269894
0.100897 -0.103628
0.121544 -0.083626
0.061369 -0.000980
b
0.000000 0.000000
0.000000 0.000000
0.000000 0.000000
0.000000 0.000000
0.000000 0.000000
c
0.000000 0.000000
0.000000 0.000000
0.000000 0.000000
0.000000 0.000000
0.000000 0.000000


STXNR

a
0.323368 0.269894
0.322786 0.268184
0.100206 0.100605
0.120251 0.080738
0.060037 0.000109
b
0.000000 0.000000
0.000000 0.000000
0.000000 0.000000
0.000000 0.000000
0.000000 0.000000
c
0.000000 0.000000
0.000000 0.000000
0.000000 0.000000
0.000000 0.000000
0.000000 0.000000


SRXNR

a
0.322786 0.268184
0.320457 0.261343
0.100000 0.100000
0.120037 0.080109
0.060000 0.000000
b
0.000000 0.000000
0.000000 0.000000
0.000000 0.000000
0.000000 0.000000
0.000000 0.000000
c
0.000000 0.000000
0.000000 0.000000
0.000000 0.000000
0.000000 0.000000
0.000000 0.000000


iNR

a
0.000000 0.000000
0.000000 0.000000
0.030824 -0.025239
0.024027 -0.024677
0.008484 -0.011652
0.016451 0.030013
b
0.000000 0.000000
0.000000 0.000000
0.000000 0.000000
0.000000 0.000000
0.000000 0.000000
0.000000 0.000000
c
0.000000 0.000000
0.000000 0.000000
0.000000 0.000000
0.000000 0.000000
0.000000 0.000000
0.000000 0.000000


sNR

a
0.000000 0.000000
0.000000 0.000000
0.030541 0.024433
0.023813 0.023813
0.008459 0.011279
0.015611 -0.029592
b
0.000000 0.000000
0.000000 0.000000
0.000000 0.000000
0.000000 0.000000
0.000000 0.000000
0.000000 0.000000
c
0.000000 0.000000
0.000000 0.000000
0.000000 0.000000
0.000000 0.000000
0.000000 0.000000
0.000000 0.000000
VNR

a
1.000000 0.000000
0.996337 -0.002231
0.981687 -0.011157
0.977697 -0.013055
0.978072 -0.013849
0.977440 -0.015614
b
0.000000 0.000000
0.000000 0.000000
0.000000 0.000000
0.000000 0.000000
0.000000 0.000000
0.000000 0.000000
c
0.000000 0.000000
0.000000 0.000000
0.000000 0.000000
0.000000 0.000000
0.000000 0.000000
0.000000 0.000000


INR

a
0.323368 -0.269894
0.323368 -0.269894
0.100897 -0.103628
0.121544 -0.083626
0.061369 -0.000980
b
0.000000 0.000000
0.000000 0.000000
0.000000 0.000000
0.000000 0.000000
0.000000 0.000000
c
0.000000 0.000000
0.000000 0.000000
0.000000 0.000000
0.000000 0.000000
0.000000 0.000000


STXNR

a
0.323368 0.269894
0.322786 0.268184
0.100206 0.100605
0.120251 0.080738
0.060037 0.000109
b
0.000000 0.000000
0.000000 0.000000
0.000000 0.000000
0.000000 0.000000
0.000000 0.000000
c
0.000000 0.000000
0.000000 0.000000
0.000000 0.000000
0.000000 0.000000
0.000000 0.000000


SRXNR

a
0.322786 0.268184
0.320457 0.261343
0.100000 0.100000
0.120037 0.080109
0.060000 0.000000
b
0.000000 0.000000
0.000000 0.000000
0.000000 0.000000
0.000000 0.000000
0.000000 0.000000
c
0.000000 0.000000
0.000000 0.000000
0.000000 0.000000
0.000000 0.000000
0.000000 0.000000


iNR

a
0.000000 0.000000
0.000000 0.000000
0.034416 -0.028180
0.025298 -0.025983
0.007405 -0.010171
0.016183 0.030198
b
0.000000 0.000000
0.000000 0.000000
0.000000 0.000000
0.000000 0.000000
0.000000 0.000000
0.000000 0.000000
c
0.000000 0.000000
0.000000 0.000000
0.000000 0.000000
0.000000 0.000000
0.000000 0.000000
0.000000 0.000000


sNR

a
0.000000 0.000000
0.000000 0.000000
0.034100 0.027280
0.025073 0.025073
0.007384 0.009845
0.015346 -0.029769
b
0.000000 0.000000
0.000000 0.000000
0.000000 0.000000
0.000000 0.000000
0.000000 0.000000
0.000000 0.000000
c
0.000000 0.000000
0.000000 0.000000
0.000000 0.000000
0.000000 0.000000
0.000000 0.000000
0.000000 0.000000
VNR

a
1.000000 0.000000
0.996337 -0.002231
0.981687 -0.011157
0.977697 -0.013055
0.978072 -0.013849
0.977440 -0.015614
b
0.000000 0.000000
0.000000 0.000000
0.000000 0.000000
0.000000 0.000000
0.000000 0.000000
0.000000 0.000000
c
0.000000 0.000000
0.000000 0.000000
0.000000 0.000000
0.000000 0.000000
0.000000 0.000000
0.000000 0.000000


INR

a
0.323368 -0.269894
0.323368 -0.269894
0.100897 -0.103628
0.121544 -0.083626
0.061369 -0.000980
b
0.000000 0.000000
0.000000 0.000000
0.000000 0.000000
0.000000 0.000000
0.000000 0.000000
c
0.000000 0.000000
0.000000 0.000000
0.000000 0.000000
0.000000 0.000000
0.000000 0.000000


STXNR

a
0.323368 0.269894
0.322786 0.268184
0.100206 0.100605
0.120251 0.080738
0.060037 0.000109
b
0.000000 0.000000
0.000000 0.000000
0.000000 0.000000
0.000000 0.000000
0.000000 0.000000
c
0.000000 0.000000
0.000000 0.000000
0.000000 0.000000
0.000000 0.000000
0.000000 0.000000


SRXNR

a
0.322786 0.268184
0.320457 0.261343
0.100000 0.100000
0.120037 0.080109
0.060000 0.000000
b
0.000000 0.000000
0.000000 0.000000
0.000000 0.000000
0.000000 0.000000
0.000000 0.000000
c
0.000000 0.000000
0.000000 0.000000
0.000000 0.000000
0.000000 0.000000
0.000000 0.000000


iNR

a
0.000000 0.000000
0.000000 0.000000
0.034102 -0.027923
0.033632 -0.034543
0.007130 -0.009793
0.015863 0.030418
b
0.000000 0.000000
0.000000 0.000000
0.000000 0.000000
0.000000 0.000000
0.000000 0.000000
0.000000 0.000000
c
0.000000 0.000000
0.000000 0.000000
0.000000 0.000000
0.000000 0.000000
0.000000 0.000000
0.000000 0.000000


sNR

a
0.000000 0.000000
0.000000 0.000000
0.033789 0.027031
0.033333 0.033333
0.007110 0.009480
0.015030 -0.029980
b
0.000000 0.000000
0.000000 0.000000
0.000000 0.000000
0.000000 0.000000
0.000000 0.000000
0.000000 0.000000
c
0.000000 0.000000
0.000000 0.000000
0.000000 0.000000
0.000000 0.000000
0.000000 0.000000
0.000000 0.000000
VNR

a
1.000000 0.000000
0.996337 -0.002231
0.981687 -0.011157
0.977697 -0.013055
0.978072 -0.013849
0.977440 -0.015614
b
0.000000 0.000000
0.000000 0.000000
0.000000 0.000000
0.000000 0.000000
0.000000 0.000000
0.000000 0.000000
c
0.000000 0.000000
0.000000 0.000000
0.000000 0.000000
0.000000 0.000000
0.000000 0.000000
0.000000 0.000000


INR

a
0.323368 -0.269894
0.323368 -0.269894
0.100897 -0.103628
0.121544 -0.083626
0.061369 -0.000980
b
0.000000 0.000000
0.000000 0.000000
0.000000 0.000000
0.000000 0.000000
0.000000 0.000000
c
0.000000 0.000000
0.000000 0.000000
0.000000 0.000000
0.000000 0.000000
0.000000 0.000000


STXNR

a
0.323368 0.269894
0.322786 0.268184
0.100206 0.100605
0.120251 0.080738
0.060037 0.000109
b
0.000000 0.000000
0.000000 0.000000
0.000000 0.000000
0.000000 0.000000
0.000000 0.000000
c
0.000000 0.000000
0.000000 0.000000
0.000000 0.000000
0.000000 0.000000
0.000000 0.000000


SRXNR

a
0.322786 0.268184
0.320457 0.261343
0.100000 0.100000
0.120037 0.080109
0.060000 0.000000
b
0.000000 0.000000
0.000000 0.000000
0.000000 0.000000
0.000000 0.000000
0.000000 0.000000
c
0.000000 0.000000
0.000000 0.000000
0.000000 0.000000
0.000000 0.000000
0.000000 0.000000


iNR

a
0.000000 0.000000
0.000000 0.000000
0.034117 -0.027936
0.036858 -0.037855
0.007063 -0.009701
0.015760 0.030490
b
0.000000 0.000000
0.000000 0.000000
0.000000 0.000000
0.000000 0.000000
0.000000 0.000000
0.000000 0.000000
c
0.000000 0.000000
0.000000 0.000000
0.000000 0.000000
0.000000 0.000000
0.000000 0.000000
0.000000 0.000000


sNR

a
0.000000 0.000000
0.000000 0.000000
0.033804 0.027043
0.036530 0.036530
0.007043 0.009390
0.014928 -0.030048
b
0.000000 0.000000
0.000000 0.000000
0.000000 0.000000
0.000000 0.000000
0.000000 0.000000
0.000000 0.000000
c
0.000000 0.000000
0.000000 0.000000
0.000000 0.000000
0.000000 0.000000
0.000000 0.000000
0.000000 0.000000
VNR

a
1.000000 0.000000
0.996337 -0.002231
0.981687 -0.011157
0.977697 -0.013055
0.978072 -0.013849
0.977440 -0.015614
b
0.000000 0.000000
0.000000 0.000000
0.000000 0.000000
0.000000 0.000000
0.000000 0.000000
0.000000 0.000000
c
0.000000 0.000000
0.000000 0.000000
0.000000 0.000000
0.000000 0.000000
0.000000 0.000000
0.000000 0.000000


INR

a
0.323368 -0.269894
0.323368 -0.269894
0.100897 -0.103628
0.121544 -0.083626
0.061369 -0.000980
b
0.000000 0.000000
0.000000 0.000000
0.000000 0.000000
0.000000 0.000000
0.000000 0.000000
c
0.000000 0.000000
0.000000 0.000000
0.000000 0.000000
0.000000 0.000000
0.000000 0.000000


STXNR

a
0.323368 0.269894
0.322786 0.268184
0.100206 0.100605
0.120251 0.080738
0.060037 0.000109
b
0.000000 0.000000
0.000000 0.000000
0.000000 0.000000
0.000000 0.000000
0.000000 0.000000
c
0.000000 0.000000
0.000000 0.000000
0.000000 0.000000
0.000000 0.000000
0.000000 0.000000


SRXNR

a
0.322786 0.268184
0.320457 0.261343
0.100000 0.100000
0.120037 0.080109
0.060000 0.000000
b
0.000000 0.000000
0.000000 0.000000
0.000000 0.000000
0.000000 0.000000
0.000000 0.000000
c
0.000000 0.000000
0.000000 0.000000
0.000000 0.000000
0.000000 0.000000
0.000000 0.000000


iNR

a
0.000000 0.000000
0.000000 0.000000
0.035224 -0.028842
0.037076 -0.038080
0.007000 -0.009614
0.010579 0.034065
b
0.000000 0.000000
0.000000 0.000000
0.000000 0.000000
0.000000 0.000000
0.000000 0.000000
0.000000 0.000000
c
0.000000 0.000000
0.000000 0.000000
0.000000 0.000000
0.000000 0.000000
0.000000 0.000000
0.000000 0.000000


sNR

a
0.000000 0.000000
0.000000 0.000000
0.034901 0.027921
0.036746 0.036746
0.006980 0.009307
0.009808 -0.033461
b
0.000000 0.000000
0.000000 0.000000
0.000000 0.000000
0.000000 0.000000
0.000000 0.000000
0.000000 0.000000
c
0.000000 0.000000
0.000000 0.000000
0.000000 0.000000
0.000000 0.000000
0.000000 0.000000
0.000000 0.000000
VNR

a
1.000000 0.000000
0.996337 -0.002231
0.981687 -0.011157
0.977697 -0.013055
0.978072 -0.013849
0.977440 -0.015614
b
0.000000 0.000000
0.000000 0.000000
0.000000 0.000000
0.000000 0.000000
0.000000 0.000000
0.000000 0.000000
c
0.000000 0.000000
0.000000 0.000000
0.000000 0.000000
0.000000 0.000000
0.000000 0.000000
0.000000 0.000000


INR

a
0.323368 -0.269894
0.323368 -0.269894
0.100897 -0.103628
0.121544 -0.083626
0.061369 -0.000980
b
0.000000 0.000000
0.000000 0.000000
0.000000 0.000000
0.000000 0.000000
0.000000 0.000000
c
0.000000 0.000000
0.000000 0.000000
0.000000 0.000000
0.000000 0.000000
0.000000 0.000000


STXNR

a
0.323368 0.269894
0.322786 0.268184
0.100206 0.100605
0.120251 0.080738
0.060037 0.000109
b
0.000000 0.000000
0.000000 0.000000
0.000000 0.000000
0.000000 0.000000
0.000000 0.000000
c
0.000000 0.000000
0.000000 0.000000
0.000000 0.000000
0.000000 0.000000
0.000000 0.000000


SRXNR

a
0.322786 0.268184
0.320457 0.261343
0.100000 0.100000
0.120037 0.080109
0.060000 0.000000
b
0.000000 0.000000
0.000000 0.000000
0.000000 0.000000
0.000000 0.000000
0.000000 0.000000
c
0.000000 0.000000
0.000000 0.000000
0.000000 0.000000
0.000000 0.000000
0.000000 0.000000


iNR

a
0.000000 0.000000
0.000000 0.000000
0.060426 -0.049477
0.036431 -0.037417
0.006990 -0.009600
0.009334 0.034924
b
0.000000 0.000000
0.000000 0.000000
0.000000 0.000000
0.000000 0.000000
0.000000 0.000000
0.000000 0.000000
c
0.000000 0.000000
0.000000 0.000000
0.000000 0.000000
0.000000 0.000000
0.000000 0.000000
0.000000 0.000000


sNR

a
0.000000 0.000000
0.000000 0.000000
0.059871 0.047897
0.036106 0.036106
0.006970 0.009293
0.008578 -0.034281
b
0.000000 0.000000
0.000000 0.000000
0.000000 0.000000
0.000000 0.000000
0.000000 0.000000
0.000000 0.000000
c
0.000000 0.000000
0.000000 0.000000
0.000000 0.000000
0.000000 0.000000
0.000000 0.000000
0.000000 0.000000
VNR

a
1.000000 0.000000
0.996337 -0.002231
0.981687 -0.011157
0.977697 -0.013055
0.978072 -0.013849
0.977440 -0.015614
b
0.000000 0.000000
0.000000 0.000000
0.000000 0.000000
0.000000 0.000000
0.000000 0.000000
0.000000 0.000000
c
0.000000 0.000000
0.000000 0.000000
0.000000 0.000000
0.000000 0.000000
0.000000 0.000000
0.000000 0.000000


INR

a
0.323368 -0.269894
0.323368 -0.269894
0.100897 -0.103628
0.121544 -0.083626
0.061369 -0.000980
b
0.000000 0.000000
0.000000 0.000000
0.000000 0.000000
0.000000 0.000000
0.000000 0.000000
c
0.000000 0.000000
0.000000 0.000000
0.000000 0.000000
0.000000 0.000000
0.000000 0.000000


STXNR

a
0.323368 0.269894
0.322786 0.268184
0.100206 0.100605
0.120251 0.080738
0.060037 0.000109
b
0.000000 0.000000
0.000000 0.000000
0.000000 0.000000
0.000000 0.000000
0.000000 0.000000
c
0.000000 0.000000
0.000000 0.000000
0.000000 0.000000
0.000000 0.000000
0.000000 0.000000


SRXNR

a
0.322786 0.268184
0.320457 0.261343
0.100000 0.100000
0.120037 0.080109
0.060000 0.000000
b
0.000000 0.000000
0.000000 0.000000
0.000000 0.000000
0.000000 0.000000
0.000000 0.000000
c
0.000000 0.000000
0.000000 0.000000
0.000000 0.000000
0.000000 0.000000
0.000000 0.000000


iNR

a
0.000000 0.000000
0.000000 0.000000
0.064804 -0.053062
0.030993 -0.031832
0.006990 -0.009600
0.011478 0.033444
b
0.000000 0.000000
0.000000 0.000000
0.000000 0.000000
0.000000 0.000000
0.000000 0.000000
0.000000 0.000000
c
0.000000 0.000000
0.000000 0.000000
0.000000 0.000000
0.000000 0.000000
0.000000 0.000000
0.000000 0.000000


sNR

a
0.000000 0.000000
0.000000 0.000000
0.064210 0.051368
0.030718 0.030718
0.006970 0.009293
0.010697 -0.032869
b
0.000000 0.000000
0.000000 0.000000
0.000000 0.000000
0.000000 0.000000
0.000000 0.000000
0.000000 0.000000
c
0.000000 0.000000
0.000000 0.000000
0.000000 0.000000
0.000000 0.000000
0.000000 0.000000
0.000000 0.000000
VNR

a
1.000000 0.000000
0.996337 -0.002231
0.981687 -0.011157
0.977697 -0.013055
0.978072 -0.013849
0.977440 -0.015614
b
0.000000 0.000000
0.000000 0.000000
0.000000 0.000000
0.000000 0.000000
0.000000 0.000000
0.000000 0.000000
c
0.000000 0.000000
0.000000 0.000000
0.000000 0.000000
0.000000 0.000000
0.000000 0.000000
0.000000 0.000000


INR

a
0.323368 -0.269894
0.323368 -0.269894
0.100897 -0.103628
0.121544 -0.083626
0.061369 -0.000980
b
0.000000 0.000000
0.000000 0.000000
0.000000 0.000000
0.000000 0.000000
0.000000 0.000000
c
0.000000 0.000000
0.000000 0.000000
0.000000 0.000000
0.000000 0.000000
0.000000 0.000000


STXNR

a
0.323368 0.269894
0.322786 0.268184
0.100206 0.100605
0.120251 0.080738
0.060037 0.000109
b
0.000000 0.000000
0.000000 0.000000
0.000000 0.000000
0.000000 0.000000
0.000000 0.000000
c
0.000000 0.000000
0.000000 0.000000
0.000000 0.000000
0.000000 0.000000
0.000000 0.000000


SRXNR

a
0.322786 0.268184
0.320457 0.261343
0.100000 0.100000
0.120037 0.080109
0.060000 0.000000
b
0.000000 0.000000
0.000000 0.000000
0.000000 0.000000
0.000000 0.000000
0.000000 0.000000
c
0.000000 0.000000
0.000000 0.000000
0.000000 0.000000
0.000000 0.000000
0.000000 0.000000


iNR

a
0.000000 0.000000
0.000000 0.000000
0.064353 -0.052693
0.028166 -0.028928
0.007171 -0.009848
0.012774 0.032550
b
0.000000 0.000000
0.000000 0.000000
0.000000 0.000000
0.000000 0.000000
0.000000 0.000000
0.000000 0.000000
c
0.000000 0.000000
0.000000 0.000000
0.000000 0.000000
0.000000 0.000000
0.000000 0.000000
0.000000 0.000000


sNR

a
0.000000 0.000000
0.000000 0.000000
0.063762 0.051010
0.027915 0.027915
0.007150 0.009533
0.011977 -0.032015
b
0.000000 0.000000
0.000000 0.000000
0.000000 0.000000
0.000000 0.000000
0.000000 0.000000
0.000000 0.000000
c
0.000000 0.000000
0.000000 0.000000
0.000000 0.000000
0.000000 0.000000
0.000000 0.000000
0.000000 0.000000
VNR

a
1.000000 0.000000
0.996337 -0.002231
0.981687 -0.011157
0.977697 -0.013055
0.978072 -0.013849
0.977440 -0.015614
b
0.000000 0.000000
0.000000 0.000000
0.000000 0.000000
0.000000 0.000000
0.000000 0.000000
0.000000 0.000000
c
0.000000 0.000000
0.000000 0.000000
0.000000 0.000000
0.000000 0.000000
0.000000 0.000000
0.000000 0.000000


INR

a
0.323368 -0.269894
0.323368 -0.269894
0.100897 -0.103628
0.121544 -0.083626
0.061369 -0.000980
b
0.000000 0.000000
0.000000 0.000000
0.000000 0.000000
0.000000 0.000000
0.000000 0.000000
c
0.000000 0.000000
0.000000 0.000000
0.000000 0.000000
0.000000 0.000000
0.000000 0.000000


STXNR

a
0.323368 0.269894
0.322786 0.268184
0.100206 0.100605
0.120251 0.080738
0.060037 0.000109
b
0.000000 0.000000
0.000000 0.000000
0.000000 0.000000
0.000000 0.000000
0.000000 0.000000
c
0.000000 0.000000
0.000000 0.000000
0.000000 0.000000
0.000000 0.000000
0.000000 0.000000


SRXNR

a
0.322786 0.268184
0.320457 0.261343
0.100000 0.100000
0.120037 0.080109
0.060000 0.000000
b
0.000000 0.000000
0.000000 0.000000
0.000000 0.000000
0.000000 0.000000
0.000000 0.000000
c
0.000000 0.000000
0.000000 0.000000
0.000000 0.000000
0.000000 0.000000
0.000000 0.000000


iNR

a
0.000000 0.000000
0.000000 0.000000
0.053789 -0.044043
0.026252 -0.026962
0.007074 -0.009715
0.011342 0.033538
b
0.000000 0.000000
0.000000 0.000000
0.000000 0.000000
0.000000 0.000000
0.000000 0.000000
0.000000 0.000000
c
0.000000 0.000000
0.000000 0.000000
0.000000 0.000000
0.000000 0.000000
0.000000 0.000000
0.000000 0.000000


sNR

a
0.000000 0.000000
0.000000 0.000000
0.053296 0.042637
0.026018 0.026018
0.007053 0.009404
0.010563 -0.032958
b
0.000000 0.000000
0.000000 0.000000
0.000000 0.000000
0.000000 0.000000
0.000000 0.000000
0.000000 0.000000
c
0.000000 0.000000
0.000000 0.000000
0.000000 0.000000
0.000000 0.000000
0.000000 0.000000
0.000000 0.000000
VNR

a
1.000000 0.000000
0.996337 -0.002231
0.981687 -0.011157
0.977697 -0.013055
0.978072 -0.013849
0.977440 -0.015614
b
0.000000 0.000000
0.000000 0.000000
0.000000 0.000000
0.000000 0.000000
0.000000 0.000000
0.000000 0.000000
c
0.000000 0.000000
0.000000 0.000000
0.000000 0.000000
0.000000 0.000000
0.000000 0.000000
0.000000 0.000000


INR

a
0.323368 -0.269894
0.323368 -0.269894
0.100897 -0.103628
0.121544 -0.083626
0.061369 -0.000980
b
0.000000 0.000000
0.000000 0.000000
0.000000 0.000000
0.000000 0.000000
0.000000 0.000000
c
0.000000 0.000000
0.000000 0.000000
0.000000 0.000000
0.000000 0.000000
0.000000 0.000000


STXNR

a
0.323368 0.269894
0.322786 0.268184
0.100206 0.100605
0.120251 0.080738
0.060037 0.000109
b
0.000000 0.000000
0.000000 0.000000
0.000000 0.000000
0.000000 0.000000
0.000000 0.000000
c
0.000000 0.000000
0.000000 0.000000
0.000000 0.000000
0.000000 0.000000
0.000000 0.000000


SRXNR

a
0.322786 0.268184
0.320457 0.261343
0.100000 0.100000
0.120037 0.080109
0.060000 0.000000
b
0.000000 0.000000
0.000000 0.000000
0.000000 0.000000
0.000000 0.000000
0.000000 0.000000
c
0.000000 0.000000
0.000000 0.000000
0.000000 0.000000
0.000000 0.000000
0.000000 0.000000


iNR

a
0.000000 0.000000
0.000000 0.000000
0.047055 -0.038529
0.025864 -0.026564
0.005207 -0.007152
0.010806 0.033907
b
0.000000 0.000000
0.000000 0.000000
0.000000 0.000000
0.000000 0.000000
0.000000 0.000000
0.000000 0.000000
c
0.000000 0.000000
0.000000 0.000000
0.000000 0.000000
0.000000 0.000000
0.000000 0.000000
0.000000 0.000000


sNR

a
0.000000 0.000000
0.000000 0.000000
0.046623 0.037299
0.025634 0.025634
0.005192 0.006923
0.010033 -0.033311
b
0.000000 0.000000
0.000000 0.000000
0.000000 0.000000
0.000000 0.000000
0.000000 0.000000
0.000000 0.000000
c
0.000000 0.000000
0.000000 0.000000
0.000000 0.000000
0.000000 0.000000
0.000000 0.000000
0.000000 0.000000
VNR

a
1.000000 0.000000
0.996337 -0.002231
0.981687 -0.011157
0.977697 -0.013055
0.978072 -0.013849
0.977440 -0.015614
b
0.000000 0.000000
0.000000 0.000000
0.000000 0.000000
0.000000 0.000000
0.000000 0.000000
0.000000 0.000000
c
0.000000 0.000000
0.000000 0.000000
0.000000 0.000000
0.000000 0.000000
0.000000 0.000000
0.000000 0.000000


INR

a
0.323368 -0.269894
0.323368 -0.269894
0.100897 -0.103628
0.121544 -0.083626
0.061369 -0.000980
b
0.000000 0.000000
0.000000 0.000000
0.000000 0.000000
0.000000 0.000000
0.000000 0.000000
c
0.000000 0.000000
0.000000 0.000000
0.000000 0.000000
0.000000 0.000000
0.000000 0.000000


STXNR

a
0.323368 0.269894
0.322786 0.268184
0.100206 0.100605
0.120251 0.080738
0.060037 0.000109
b
0.000000 0.000000
0.000000 0.000000
0.000000 0.000000
0.000000 0.000000
0.000000 0.000000
c
0.000000 0.000000
0.000000 0.000000
0.000000 0.000000
0.000000 0.000000
0.000000 0.000000


SRXNR

a
0.322786 0.268184
0.320457 0.261343
0.100000 0.100000
0.120037 0.080109
0.060000 0.000000
b
0.000000 0.000000
0.000000 0.000000
0.000000 0.000000
0.000000 0.000000
0.000000 0.000000
c
0.000000 0.000000
0.000000 0.000000
0.000000 0.000000
0.000000 0.000000
0.000000 0.000000


iNR

a
0.000000 0.000000
0.000000 0.000000
0.043258 -0.035420
0.026235 -0.026945
0.004814 -0.006612
0.010100 0.034395
b
0.000000 0.000000
0.000000 0.000000
0.000000 0.000000
0.000000 0.000000
0.000000 0.000000
0.000000 0.000000
c
0.000000 0.000000
0.000000 0.000000
0.000000 0.000000
0.000000 0.000000
0.000000 0.000000
0.000000 0.000000


sNR

a
0.000000 0.000000
0.000000 0.000000
0.042861 0.034288
0.026002 0.026002
0.004800 0.006400
0.009335 -0.033776
b
0.000000 0.000000
0.000000 0.000000
0.000000 0.000000
0.000000 0.000000
0.000000 0.000000
0.000000 0.000000
c
0.000000 0.000000
0.000000 0.000000
0.000000 0.000000
0.000000 0.000000
0.000000 0.000000
0.000000 0.000000
VNR

a
1.000000 0.000000
0.996337 -0.002231
0.981687 -0.011157
0.977697 -0.013055
0.978072 -0.013849
0.977440 -0.015614
b
0.000000 0.000000
0.000000 0.000000
0.000000 0.000000
0.000000 0.000000
0.000000 0.000000
0.000000 0.000000
c
0.000000 0.000000
0.000000 0.000000
0.000000 0.000000
0.000000 0.000000
0.000000 0.000000
0.000000 0.000000


INR

a
0.323368 -0.269894
0.323368 -0.269894
0.100897 -0.103628
0.121544 -0.083626
0.061369 -0.000980
b
0.000000 0.000000
0.000000 0.000000
0.000000 0.000000
0.000000 0.000000
0.000000 0.000000
c
0.000000 0.000000
0.000000 0.000000
0.000000 0.000000
0.000000 0.000000
0.000000 0.000000


STXNR

a
0.323368 0.269894
0.322786 0.268184
0.100206 0.100605
0.120251 0.080738
0.060037 0.000109
b
0.000000 0.000000
0.000000 0.000000
0.000000 0.000000
0.000000 0.000000
0.000000 0.000000
c
0.000000 0.000000
0.000000 0.000000
0.000000 0.000000
0.000000 0.000000
0.000000 0.000000


SRXNR

a
0.322786 0.268184
0.320457 0.261343
0.100000 0.100000
0.120037 0.080109
0.060000 0.000000
b
0.000000 0.000000
0.000000 0.000000
0.000000 0.000000
0.000000 0.000000
0.000000 0.000000
c
0.000000 0.000000
0.000000 0.000000
0.000000 0.000000
0.000000 0.000000
0.000000 0.000000


iNR

a
0.000000 0.000000
0.000000 0.000000
0.031057 -0.025430
0.025623 -0.026316
0.004499 -0.006179
0.007004 0.036531
b
0.000000 0.000000
0.000000 0.000000
0.000000 0.000000
0.000000 0.000000
0.000000 0.000000
0.000000 0.000000
c
0.000000 0.000000
0.000000 0.000000
0.000000 0.000000
0.000000 0.000000
0.000000 0.000000
0.000000 0.000000


sNR

a
0.000000 0.000000
0.000000 0.000000
0.030772 0.024617
0.025395 0.025395
0.004486 0.005981
0.006276 -0.035816
b
0.000000 0.000000
0.000000 0.000000
0.000000 0.000000
0.000000 0.000000
0.000000 0.000000
0.000000 0.000000
c
0.000000 0.000000
0.000000 0.000000
0.000000 0.000000
0.000000 0.000000
0.000000 0.000000
0.000000 0.000000
VNR

a
1.000000 0.000000
0.996337 -0.002231
0.981687 -0.011157
0.977697 -0.013055
0.978072 -0.013849
0.977440 -0.015614
b
0.000000 0.000000
0.000000 0.000000
0.000000 0.000000
0.000000 0.000000
0.000000 0.000000
0.000000 0.000000
c
0.000000 0.000000
0.000000 0.000000
0.000000 0.000000
0.000000 0.000000
0.000000 0.000000
0.000000 0.000000


INR

a
0.323368 -0.269894
0.323368 -0.269894
0.100897 -0.103628
0.121544 -0.083626
0.061369 -0.000980
b
0.000000 0.000000
0.000000 0.000000
0.000000 0.000000
0.000000 0.000000
0.000000 0.000000
c
0.000000 0.000000
0.000000 0.000000
0.000000 0.000000
0.000000 0.000000
0.000000 0.000000


STXNR

a
0.323368 0.269894
0.322786 0.268184
0.100206 0.100605
0.120251 0.080738
0.060037 0.000109
b
0.000000 0.000000
0.000000 0.000000
0.000000 0.000000
0.000000 0.000000
0.000000 0.000000
c
0.000000 0.000000
0.000000 0.000000
0.000000 0.000000
0.000000 0.000000
0.000000 0.000000


SRXNR

a
0.322786 0.268184
0.320457 0.261343
0.100000 0.100000
0.120037 0.080109
0.060000 0.000000
b
0.000000 0.000000
0.000000 0.000000
0.000000 0.000000
0.000000 0.000000
0.000000 0.000000
c
0.000000 0.000000
0.000000 0.000000
0.000000 0.000000
0.000000 0.000000
0.000000 0.000000


iNR

a
0.000000 0.000000
0.000000 0.000000
0.024687 -0.020214
0.015215 -0.015627
0.004244 -0.005828
0.007047 0.036501
b
0.000000 0.000000
0.000000 0.000000
0.000000 0.000000
0.000000 0.000000
0.000000 0.000000
0.000000 0.000000
c
0.000000 0.000000
0.000000 0.000000
0.000000 0.000000
0.000000 0.000000
0.000000 0.000000
0.000000 0.000000


sNR

a
0.000000 0.000000
0.000000 0.000000
0.024460 0.019568
0.015080 0.015080
0.004231 0.005642
0.006318 -0.035788
b
0.000000 0.000000
0.000000 0.000000
0.000000 0.000000
0.000000 0.000000
0.000000 0.000000
0.000000 0.000000
c
0.000000 0.000000
0.000000 0.000000
0.000000 0.000000
0.000000 0.000000
0.000000 0.000000
0.000000 0.000000
