VNR

a
1.000000 -0.000000
0.993614 -0.009935
0.968023 -0.037997
0.965939 -0.038727
0.965806 -0.038811
0.000000 0.000000
0.000000 0.000000
0.949404 -0.073874
0.949281 -0.074482
0.944252 -0.076532
0.949274 -0.073968
0.948008 -0.074227
0.944098 -0.073000
0.000000 0.000000
b
-0.500000 -0.866025
-0.504005 -0.857131
-0.513669 -0.835043
-0.513462 -0.833616
-0.513506 -0.833536
-0.510343 -0.825435
-0.509389 -0.822164
-0.518416 -0.839598
-0.518429 -0.839930
-0.520336 -0.840110
-0.518479 -0.839463
0.000000 0.000000
0.000000 0.000000
0.000000 0.000000
c
-0.500000 0.866025
-0.487727 0.864341
-0.446937 0.844696
-0.446010 0.843124
-0.445927 0.843053
-0.446998 0.847400
-0.447063 0.848304
-0.408896 0.818973
-0.408435 0.818524
-0.408065 0.816503
-0.408728 0.818910
-0.407300 0.817611
0.000000 0.000000
-0.405226 0.816498


INR

a
0.474570 -0.250050
0.474570 -0.250050
0.064331 -0.048143
0.064331 -0.048143
0.000000 0.000000
0.000000 0.000000
0.410239 -0.201907
0.201043 -0.054420
0.201043 -0.054420
0.004025 -0.002421
0.051109 -0.040389
0.051109 -0.040389
0.000000 0.000000
b
-0.396659 -0.227317
-0.396659 -0.227317
-0.057024 -0.022456
-0.057024 -0.022456
-0.177176 -0.084612
-0.096505 -0.052108
-0.162459 -0.120249
-0.000728 -0.031926
-0.000728 -0.031926
-0.003855 -0.002384
0.000000 0.000000
0.000000 0.000000
0.000000 0.000000
c
0.012307 0.564775
0.012307 0.564775
0.009835 0.062138
0.009835 0.062138
-0.000000 0.000000
-0.000000 0.000000
0.002472 0.502637
0.012981 0.231613
-0.012910 0.135617
0.000003 0.004886
-0.021372 0.072676
0.000000 0.000000
-0.021372 0.072676


STXNR

a
0.474570 0.250050
0.474024 0.243738
0.064103 0.044159
0.064005 0.044012
0.000000 0.000000
0.000000 0.000000
0.404792 0.179863
0.194891 0.036815
0.194900 0.036686
0.004000 0.002001
0.051506 0.034570
0.051449 0.034495
0.000000 0.000000
b
0.395192 0.229858
0.394759 0.225420
0.048043 0.036082
0.047999 0.036006
0.161665 0.104487
0.092263 0.053066
0.183863 0.073892
0.027182 -0.015939
0.027193 -0.015939
0.004000 0.002001
0.000000 0.000000
0.000000 0.000000
0.000000 0.000000
c
0.482956 0.293046
0.482156 0.286094
0.048092 0.036079
0.048004 0.036006
0.000000 0.000000
0.000000 0.000000
0.423471 0.226736
0.184377 0.105336
0.116279 0.044824
0.004000 0.002001
0.068258 0.012214
0.000000 0.000000
0.068125 0.012127


SRXNR

a
0.474024 0.243738
0.468896 0.224022
0.064005 0.044012
0.064000 0.044000
0.000000 0.000000
0.000000 0.000000
0.404398 0.161385
0.194900 0.036686
0.194000 0.036000
0.004000 0.002000
0.051449 0.034495
0.051200 0.034400
0.000000 0.000000
b
0.394759 0.225420
0.393571 0.214462
0.047999 0.036006
0.048000 0.036000
0.160263 0.103066
0.092000 0.052800
0.185182 0.074062
0.027193 -0.015939
0.027200 -0.016000
0.004000 0.002000
0.000000 0.000000
0.000000 0.000000
0.000000 0.000000
c
0.482156 0.286094
0.471563 0.262814
0.048004 0.036006
0.048000 0.036000
0.000000 0.000000
0.000000 0.000000
0.410635 0.207551
0.184279 0.105224
0.116000 0.044800
0.004000 0.002000
0.068125 0.012127
0.000000 0.000000
0.068000 0.012000


iNR

a
0.000000 0.000000
0.000000 0.000000
0.000000 0.000000
0.000000 0.000000
0.064331 -0.048143
0.000000 0.000000
0.000000 0.000000
0.154062 -0.104677
0.000000 0.000000
0.201043 -0.054420
0.004025 -0.002421
0.000000 0.000000
0.051109 -0.040389
0.000000 0.000000
b
-0.000000 0.000000
-0.000000 0.000000
-0.000000 0.000000
-0.000000 0.000000
-0.057024 -0.022456
-0.080671 -0.032504
-0.096505 -0.052108
-0.157876 -0.085939
-0.000000 0.000000
-0.000728 -0.031926
-0.003855 -0.002384
0.000000 0.000000
0.000000 0.000000
0.000000 0.000000
c
0.000000 0.000000
0.000000 0.000000
0.000000 0.000000
0.000000 0.000000
0.009835 0.062138
0.000000 0.000000
0.000000 0.000000
0.010860 0.193463
0.025891 0.095995
-0.012910 0.135617
0.000003 0.004886
0.000000 0.000000
0.000000 0.000000
-0.021372 0.072676


sNR

a
0.000000 0.000000
0.000000 0.000000
0.000000 0.000000
0.000000 0.000000
0.064000 0.044000
0.000000 0.000000
0.000000 0.000000
0.154000 0.088000
0.000000 0.000000
0.194000 0.036000
0.004000 0.002000
0.000000 0.000000
0.051200 0.034400
0.000000 0.000000
b
0.000000 0.000000
0.000000 0.000000
0.000000 0.000000
0.000000 0.000000
0.048000 0.036000
0.068000 0.050000
0.092000 0.052800
0.154000 0.088000
0.000000 0.000000
0.027200 -0.016000
0.004000 0.002000
0.000000 0.000000
0.000000 0.000000
0.000000 0.000000
c
0.000000 0.000000
0.000000 0.000000
0.000000 0.000000
0.000000 0.000000
0.048000 0.036000
0.000000 0.000000
0.000000 0.000000
0.154000 0.088000
0.068000 0.060400
0.116000 0.044800
0.004000 0.002000
0.000000 0.000000
0.000000 0.000000
0.068000 0.012000
