VNR

a
1.000000 0.000000
1.000000 -0.000000
0.993377 -0.010281
0.966752 -0.039211
0.964664 -0.039941
0.964530 -0.040024
0.000000 0.000000
0.000000 0.000000
0.947095 -0.075968
0.946970 -0.076578
0.941924 -0.078621
0.946504 -0.076474
0.945695 -0.076320
0.941779 -0.075080
0.000000 0.000000
0.993377 -0.010281
0.966752 -0.039211
0.964664 -0.039941
0.964530 -0.040024
0.000000 0.000000
0.000000 0.000000
0.947095 -0.075968
0.946970 -0.076578
0.941924 -0.078621
0.946504 -0.076474
0.945695 -0.076320
0.941779 -0.075080
0.000000 0.000000
b
-0.500000 -0.866025
-0.500000 -0.866025
-0.504193 -0.856797
-0.514420 -0.833746
-0.514211 -0.832319
-0.514254 -0.832239
-0.511078 -0.824136
-0.510119 -0.820863
-0.519762 -0.837362
-0.519775 -0.837695
-0.521687 -0.837873
-0.520118 -0.836743
0.000000 0.000000
0.000000 0.000000
0.000000 0.000000
-0.504193 -0.856797
-0.514420 -0.833746
-0.514211 -0.832319
-0.514254 -0.832239
-0.511078 -0.824136
-0.510119 -0.820863
-0.519762 -0.837362
-0.519775 -0.837695
-0.521687 -0.837873
-0.520118 -0.836743
0.000000 0.000000
0.000000 0.000000
0.000000 0.000000
c
-0.500000 0.866025
-0.500000 0.866025
-0.487292 0.864305
-0.445115 0.844131
-0.444189 0.842554
-0.444106 0.842483
-0.445173 0.846837
-0.445237 0.847741
-0.405701 0.817881
-0.405240 0.817430
-0.404874 0.815401
-0.404868 0.817643
-0.404104 0.816511
0.000000 0.000000
-0.402027 0.815390
-0.487292 0.864305
-0.445115 0.844131
-0.444189 0.842554
-0.444106 0.842483
-0.445173 0.846837
-0.445237 0.847741
-0.405701 0.817881
-0.405240 0.817430
-0.404874 0.815401
-0.404868 0.817643
-0.404104 0.816511
0.000000 0.000000
-0.402027 0.815390


INR

a
0.982638 -0.518586
0.491319 -0.259293
0.491319 -0.259293
0.064350 -0.048288
0.064350 -0.048288
0.000000 0.000000
0.000000 0.000000
0.426969 -0.211005
0.201368 -0.055027
0.201368 -0.055027
0.020315 -0.010094
0.051128 -0.040603
0.051128 -0.040603
0.000000 0.000000
0.491319 -0.259293
0.491319 -0.259293
0.064350 -0.048288
0.064350 -0.048288
0.000000 0.000000
0.000000 0.000000
0.426969 -0.211005
0.201368 -0.055027
0.201368 -0.055027
0.020315 -0.010094
0.051128 -0.040603
0.051128 -0.040603
0.000000 0.000000
b
-0.822408 -0.474837
-0.411204 -0.237418
-0.411204 -0.237418
-0.057095 -0.022396
-0.057095 -0.022396
-0.177422 -0.084436
-0.096648 -0.052016
-0.176687 -0.130587
-0.000805 -0.031962
-0.000805 -0.031962
-0.017613 -0.012954
0.000000 0.000000
0.000000 0.000000
0.000000 0.000000
-0.411204 -0.237418
-0.411204 -0.237418
-0.057095 -0.022396
-0.057095 -0.022396
-0.177422 -0.084436
-0.096648 -0.052016
-0.176687 -0.130587
-0.000805 -0.031962
-0.000805 -0.031962
-0.017613 -0.012954
0.000000 0.000000
0.000000 0.000000
0.000000 0.000000
c
0.023677 1.169607
0.011838 0.584804
0.011838 0.584804
0.009936 0.062212
0.009936 0.062212
-0.000000 0.000000
-0.000000 0.000000
0.001902 0.522591
0.013618 0.232190
-0.012591 0.136009
-0.001869 0.023535
-0.021238 0.072924
0.000000 0.000000
-0.021238 0.072924
0.011838 0.584804
0.011838 0.584804
0.009936 0.062212
0.009936 0.062212
-0.000000 0.000000
-0.000000 0.000000
0.001902 0.522591
0.013618 0.232190
-0.012591 0.136009
-0.001869 0.023535
-0.021238 0.072924
0.000000 0.000000
-0.021238 0.072924


STXNR

a
0.982638 0.518586
0.491319 0.259293
0.490731 0.252524
0.064104 0.044160
0.064005 0.044012
0.000000 0.000000
0.000000 0.000000
0.421047 0.187247
0.194895 0.036819
0.194904 0.036689
0.020007 0.008016
0.051508 0.034570
0.051451 0.034496
0.000000 0.000000
0.491319 0.259293
0.490731 0.252524
0.064104 0.044160
0.064005 0.044012
0.000000 0.000000
0.000000 0.000000
0.421047 0.187247
0.194895 0.036819
0.194904 0.036689
0.020007 0.008016
0.051508 0.034570
0.051451 0.034496
0.000000 0.000000
b
0.822425 0.474808
0.411212 0.237404
0.410746 0.232614
0.048043 0.036082
0.047999 0.036006
0.161667 0.104489
0.092263 0.053066
0.199768 0.080135
0.027182 -0.015939
0.027193 -0.015939
0.020002 0.008016
0.000000 0.000000
0.000000 0.000000
0.000000 0.000000
0.411212 0.237404
0.410746 0.232614
0.048043 0.036082
0.047999 0.036006
0.161667 0.104489
0.092263 0.053066
0.199768 0.080135
0.027182 -0.015939
0.027193 -0.015939
0.020002 0.008016
0.000000 0.000000
0.000000 0.000000
0.000000 0.000000
c
1.001071 0.605309
0.500536 0.302654
0.499680 0.295202
0.048092 0.036079
0.048004 0.036006
0.000000 0.000000
0.000000 0.000000
0.440289 0.234219
0.184379 0.105337
0.116281 0.044824
0.020007 0.008019
0.068260 0.012215
0.000000 0.000000
0.068126 0.012128
0.500536 0.302654
0.499680 0.295202
0.048092 0.036079
0.048004 0.036006
0.000000 0.000000
0.000000 0.000000
0.440289 0.234219
0.184379 0.105337
0.116281 0.044824
0.020007 0.008019
0.068260 0.012215
0.000000 0.000000
0.068126 0.012128


SRXNR

a
0.982638 0.518586
0.490731 0.252524
0.485151 0.231407
0.064005 0.044012
0.064000 0.044000
0.000000 0.000000
0.000000 0.000000
0.420410 0.167405
0.194904 0.036689
0.194000 0.036000
0.020000 0.008000
0.051451 0.034496
0.051200 0.034400
0.000000 0.000000
0.490731 0.252524
0.485151 0.231407
0.064005 0.044012
0.064000 0.044000
0.000000 0.000000
0.000000 0.000000
0.420410 0.167405
0.194904 0.036689
0.194000 0.036000
0.020000 0.008000
0.051451 0.034496
0.051200 0.034400
0.000000 0.000000
b
0.822425 0.474808
0.410746 0.232614
0.409478 0.220707
0.047999 0.036006
0.048000 0.036000
0.160263 0.103066
0.092000 0.052800
0.201184 0.080077
0.027193 -0.015939
0.027200 -0.016000
0.020000 0.008000
0.000000 0.000000
0.000000 0.000000
0.000000 0.000000
0.410746 0.232614
0.409478 0.220707
0.047999 0.036006
0.048000 0.036000
0.160263 0.103066
0.092000 0.052800
0.201184 0.080077
0.027193 -0.015939
0.027200 -0.016000
0.020000 0.008000
0.000000 0.000000
0.000000 0.000000
0.000000 0.000000
c
1.001071 0.605308
0.499680 0.295202
0.488381 0.270298
0.048004 0.036006
0.048000 0.036000
0.000000 0.000000
0.000000 0.000000
0.426646 0.213571
0.184281 0.105224
0.116000 0.044800
0.020000 0.008000
0.068126 0.012128
0.000000 0.000000
0.068000 0.012000
0.499680 0.295202
0.488381 0.270298
0.048004 0.036006
0.048000 0.036000
0.000000 0.000000
0.000000 0.000000
0.426646 0.213571
0.184281 0.105224
0.116000 0.044800
0.020000 0.008000
0.068126 0.012128
0.000000 0.000000
0.068000 0.012000


iNR

a
0.000000 0.000000
0.000000 0.000000
0.000000 0.000000
0.000000 0.000000
0.000000 0.000000
0.064350 -0.048288
0.000000 0.000000
0.000000 0.000000
0.154158 -0.105281
0.000000 0.000000
0.201368 -0.055027
0.020315 -0.010094
0.000000 0.000000
0.051128 -0.040603
0.000000 0.000000
0.000000 0.000000
0.000000 0.000000
0.000000 0.000000
0.064350 -0.048288
0.000000 0.000000
0.000000 0.000000
0.154158 -0.105281
0.000000 0.000000
0.201368 -0.055027
0.020315 -0.010094
0.000000 0.000000
0.051128 -0.040603
0.000000 0.000000
b
-0.000000 0.000000
-0.000000 0.000000
-0.000000 0.000000
-0.000000 0.000000
-0.000000 0.000000
-0.057095 -0.022396
-0.080774 -0.032419
-0.096648 -0.052016
-0.158269 -0.085671
-0.000000 0.000000
-0.000805 -0.031962
-0.017613 -0.012954
0.000000 0.000000
0.000000 0.000000
0.000000 0.000000
-0.000000 0.000000
-0.000000 0.000000
-0.000000 0.000000
-0.057095 -0.022396
-0.080774 -0.032419
-0.096648 -0.052016
-0.158269 -0.085671
-0.000000 0.000000
-0.000805 -0.031962
-0.017613 -0.012954
0.000000 0.000000
0.000000 0.000000
0.000000 0.000000
c
0.000000 0.000000
0.000000 0.000000
0.000000 0.000000
0.000000 0.000000
0.000000 0.000000
0.009936 0.062212
0.000000 0.000000
0.000000 0.000000
0.011392 0.193942
0.026209 0.096181
-0.012591 0.136009
-0.001869 0.023535
0.000000 0.000000
0.000000 0.000000
-0.021238 0.072924
0.000000 0.000000
0.000000 0.000000
0.000000 0.000000
0.009936 0.062212
0.000000 0.000000
0.000000 0.000000
0.011392 0.193942
0.026209 0.096181
-0.012591 0.136009
-0.001869 0.023535
0.000000 0.000000
0.000000 0.000000
-0.021238 0.072924


sNR

a
0.000000 0.000000
0.000000 0.000000
0.000000 0.000000
0.000000 0.000000
0.000000 0.000000
0.064000 0.044000
0.000000 0.000000
0.000000 0.000000
0.154000 0.088000
0.000000 0.000000
0.194000 0.036000
0.020000 0.008000
0.000000 0.000000
0.051200 0.034400
0.000000 0.000000
0.000000 0.000000
0.000000 0.000000
0.000000 0.000000
0.064000 0.044000
0.000000 0.000000
0.000000 0.000000
0.154000 0.088000
0.000000 0.000000
0.194000 0.036000
0.020000 0.008000
0.000000 0.000000
0.051200 0.034400
0.000000 0.000000
b
0.000000 0.000000
0.000000 0.000000
0.000000 0.000000
0.000000 0.000000
0.000000 0.000000
0.048000 0.036000
0.068000 0.050000
0.092000 0.052800
0.154000 0.088000
0.000000 0.000000
0.027200 -0.016000
0.020000 0.008000
0.000000 0.000000
0.000000 0.000000
0.000000 0.000000
0.000000 0.000000
0.000000 0.000000
0.000000 0.000000
0.048000 0.036000
0.068000 0.050000
0.092000 0.052800
0.154000 0.088000
0.000000 0.000000
0.027200 -0.016000
0.020000 0.008000
0.000000 0.000000
0.000000 0.000000
0.000000 0.000000
c
0.000000 0.000000
0.000000 0.000000
0.000000 0.000000
0.000000 0.000000
0.000000 0.000000
0.048000 0.036000
0.000000 0.000000
0.000000 0.000000
0.154000 0.088000
0.068000 0.060400
0.116000 0.044800
0.020000 0.008000
0.000000 0.000000
0.000000 0.000000
0.068000 0.012000
0.000000 0.000000
0.000000 0.000000
0.000000 0.000000
0.048000 0.036000
0.000000 0.000000
0.000000 0.000000
0.154000 0.088000
0.068000 0.060400
0.116000 0.044800
0.020000 0.008000
0.000000 0.000000
0.000000 0.000000
0.068000 0.012000
