VNR

a
1.000000 0.000000
0.999918 -0.000152
0.998216 -0.000610
0.997061 -0.000931
0.975550 -0.006926
0.000000 0.000000
0.950578 -0.014149
0.930781 -0.019875
0.930772 -0.019876
0.930493 -0.019912
0.929807 -0.019906
0.914306 -0.019719
0.914306 -0.019719
0.924357 -0.020694
0.000000 0.000000
0.923854 -0.020774
0.911862 -0.022661
0.911565 -0.022710
0.000000 0.000000
0.890508 -0.026205
0.890502 -0.026206
0.890500 -0.026206
0.888752 -0.026405
0.888847 -0.026713
0.888847 -0.026713
0.886896 -0.027340
0.886823 -0.027371
0.886495 -0.027517
0.886512 -0.027780
0.886516 -0.027824
0.886714 -0.027312
0.886573 -0.027250
0.886560 -0.027247
0.886572 -0.027246
0.000000 0.000000
b
-0.500000 -0.866025
-0.500075 -0.865942
-0.500199 -0.865124
-0.500311 -0.864635
-0.502399 -0.855530
-0.502399 -0.855530
-0.504982 -0.845703
-0.507029 -0.837913
-0.507029 -0.837909
-0.507024 -0.837798
0.000000 0.000000
0.000000 0.000000
0.000000 0.000000
-0.506218 -0.833619
-0.506218 -0.833619
-0.506173 -0.833328
-0.505035 -0.826176
-0.505009 -0.826000
-0.505009 -0.826000
-0.503275 -0.813744
-0.503274 -0.813741
-0.503273 -0.813739
-0.502818 -0.812358
-0.503512 -0.812908
0.000000 0.000000
-0.503874 -0.812035
-0.503918 -0.812018
-0.504126 -0.811935
-0.504311 -0.811705
-0.504345 -0.811691
-0.503782 -0.811870
-0.503694 -0.811649
-0.503687 -0.811641
-0.503689 -0.811636
0.000000 0.000000
c
-0.500000 0.866025
-0.499896 0.866045
-0.499251 0.865325
-0.498866 0.864869
-0.491701 0.856374
0.000000 0.000000
-0.483332 0.846284
-0.476697 0.838284
-0.476694 0.838280
-0.476613 0.838151
0.000000 0.000000
0.000000 0.000000
0.000000 0.000000
-0.473335 0.834379
0.000000 0.000000
-0.473067 0.834060
-0.466497 0.826337
-0.466333 0.826146
0.000000 0.000000
-0.454736 0.812622
-0.454733 0.812618
-0.454732 0.812616
-0.453685 0.811294
-0.453713 0.811789
0.000000 0.000000
-0.452569 0.810882
-0.452554 0.810897
-0.452480 0.810973
-0.452251 0.811179
-0.452217 0.811204
-0.452509 0.810755
-0.452523 0.810758
-0.452520 0.810746
-0.452524 0.810761
-0.452524 0.810761


INR

a
0.515539 -0.205266
0.515539 -0.205266
0.515539 -0.205266
0.515539 -0.205266
0.000000 0.000000
0.515539 -0.205266
0.515539 -0.205266
0.515539 -0.205266
0.515539 -0.205266
0.145674 -0.079013
0.116747 -0.063767
0.000000 -0.000000
0.369865 -0.126253
0.000000 0.000000
0.369865 -0.126253
0.363865 -0.123521
0.355206 -0.118919
0.000000 0.000000
0.355206 -0.118919
0.355206 -0.118919
0.132898 -0.071459
0.132898 -0.071459
0.216104 -0.044582
0.000000 -0.000000
0.212561 -0.042676
0.147844 -0.005497
0.139872 -0.000740
0.019700 0.052624
0.019700 0.052624
0.050521 -0.029525
0.023897 -0.015172
0.007920 -0.006560
0.000000 -0.000000
0.000000 0.000000
b
-0.255773 -0.262018
-0.255773 -0.262018
-0.233356 -0.247237
-0.233356 -0.247237
-0.000000 0.000000
-0.221260 -0.239379
-0.221260 -0.239379
-0.221260 -0.239379
-0.221260 -0.239379
0.000000 0.000000
0.000000 0.000000
0.000000 0.000000
-0.217748 -0.236730
-0.000000 -0.000000
-0.186695 -0.217200
-0.186695 -0.217200
-0.178861 -0.212306
-0.000000 -0.000000
-0.175727 -0.210348
-0.175727 -0.210348
-0.119506 -0.073748
-0.119506 -0.073748
-0.054630 -0.135617
0.000000 0.000000
-0.042332 -0.128473
0.031118 -0.086342
0.031118 -0.086342
0.015133 -0.051784
0.033117 -0.040289
-0.057509 -0.032319
-0.048826 -0.027853
-0.008956 -0.003313
-0.022328 -0.013742
0.000000 0.000000
c
-0.104329 0.347953
-0.104329 0.347953
-0.102727 0.321141
-0.102727 0.321141
0.000000 0.000000
-0.102727 0.321141
-0.102727 0.321141
-0.102727 0.321141
-0.102727 0.321141
0.000000 0.000000
0.000000 0.000000
0.000000 0.000000
-0.102727 0.321141
0.000000 0.000000
-0.102532 0.317417
-0.102532 0.317417
-0.102058 0.308003
0.000000 0.000000
-0.102058 0.308003
-0.102058 0.308003
-0.006672 0.144181
-0.006672 0.144181
-0.095119 0.158065
0.000000 0.000000
-0.094919 0.145366
-0.090512 -0.011022
-0.090512 -0.011022
-0.052779 -0.009698
-0.052779 -0.009698
0.000403 0.050548
0.001487 0.009711
0.001487 0.009711
-0.000000 -0.000000
-0.000000 -0.000000


STXNR

a
0.515539 0.205266
0.515528 0.205171
0.514745 0.204585
0.514215 0.204182
0.000000 0.000000
0.504356 0.196676
0.492965 0.187827
0.483934 0.180811
0.483929 0.180809
0.137122 0.070620
0.109822 0.056967
0.000000 0.000000
0.346671 0.110113
0.000000 0.000000
0.344500 0.109049
0.338724 0.106556
0.326594 0.100388
0.000000 0.000000
0.326494 0.100335
0.319430 0.096590
0.120218 0.060151
0.120218 0.060151
0.193610 0.034037
0.000000 0.000000
0.190075 0.032254
0.131272 0.000833
0.124062 -0.003172
0.016016 -0.047193
0.016002 -0.047199
0.045614 0.024805
0.021604 0.012801
0.007200 0.005600
0.000000 0.000000
0.000000 0.000000
b
0.354801 0.090497
0.354798 0.090456
0.330615 0.078214
0.330521 0.078072
-0.000000 0.000000
0.315957 0.069031
0.314176 0.066239
0.312764 0.064025
0.312763 0.064024
0.000000 0.000000
0.000000 0.000000
0.000000 0.000000
0.308736 0.062401
0.000000 -0.000000
0.275571 0.045682
0.275499 0.045637
0.265733 0.040549
0.000000 -0.000000
0.262491 0.038923
0.259608 0.037134
0.120157 0.060132
0.120156 0.060131
0.137851 -0.023798
0.000000 0.000000
0.125751 -0.030276
0.054433 -0.068774
0.054430 -0.068778
0.034416 -0.038393
0.016002 -0.047199
0.055221 0.030415
0.047211 0.025609
0.007200 0.005600
0.022400 0.011200
0.000000 0.000000
c
0.353500 0.083625
0.353496 0.083587
0.329178 0.071438
0.328992 0.071361
0.000000 0.000000
0.325528 0.069932
0.321428 0.068281
0.318178 0.066972
0.318176 0.066972
0.000000 0.000000
0.000000 0.000000
0.000000 0.000000
0.318126 0.066959
0.000000 0.000000
0.313378 0.064694
0.313249 0.064641
0.302124 0.059348
0.000000 0.000000
0.302049 0.059317
0.296700 0.057125
0.120198 0.060142
0.120198 0.060142
0.171700 -0.005418
0.000000 0.000000
0.161072 -0.011100
0.032025 -0.078383
0.032024 -0.078384
0.016016 -0.047190
0.016002 -0.047199
0.040806 0.023203
0.007200 0.005600
0.007200 0.005600
-0.000000 -0.000000
-0.000000 -0.000000


SRXNR

a
0.515528 0.205171
0.514745 0.204585
0.514215 0.204182
0.504356 0.196676
0.000000 0.000000
0.492965 0.187827
0.483934 0.180811
0.483929 0.180809
0.483793 0.180733
0.137022 0.070567
0.108000 0.056000
0.000000 0.000000
0.344500 0.109049
0.000000 0.000000
0.344324 0.108956
0.334594 0.104388
0.326494 0.100335
0.000000 0.000000
0.319430 0.096590
0.319428 0.096589
0.120218 0.060151
0.120000 0.060000
0.193275 0.033854
0.000000 0.000000
0.189687 0.032038
0.131262 0.000828
0.124016 -0.003193
0.016002 -0.047199
0.016000 -0.047200
0.045604 0.024801
0.021600 0.012800
0.007200 0.005600
0.000000 0.000000
0.000000 0.000000
b
0.354798 0.090456
0.354615 0.090214
0.330521 0.078072
0.328757 0.075431
-0.000000 0.000000
0.314176 0.066239
0.312764 0.064025
0.312763 0.064024
0.312736 0.064001
0.000000 0.000000
0.000000 0.000000
0.000000 0.000000
0.307571 0.061682
0.000000 -0.000000
0.275499 0.045637
0.273733 0.044549
0.265691 0.040523
0.000000 -0.000000
0.259608 0.037134
0.259608 0.037134
0.120156 0.060131
0.120000 0.060000
0.137751 -0.023876
0.000000 0.000000
0.125654 -0.030359
0.054430 -0.068778
0.054416 -0.068793
0.034402 -0.038399
0.016000 -0.047200
0.055211 0.030409
0.047200 0.025600
0.007200 0.005600
0.022400 0.011200
0.000000 0.000000
c
0.353496 0.083587
0.353178 0.083438
0.328992 0.071361
0.325528 0.069932
0.000000 0.000000
0.321428 0.068281
0.318178 0.066972
0.318176 0.066972
0.318126 0.066959
0.000000 0.000000
0.000000 0.000000
0.000000 0.000000
0.316578 0.066294
0.000000 0.000000
0.313249 0.064641
0.310124 0.063348
0.302049 0.059317
0.000000 0.000000
0.296700 0.057125
0.296698 0.057125
0.120198 0.060142
0.120000 0.060000
0.171472 -0.005500
0.000000 0.000000
0.160832 -0.011180
0.032024 -0.078384
0.032016 -0.078390
0.016002 -0.047199
0.016000 -0.047200
0.040800 0.023200
0.007200 0.005600
0.007200 0.005600
-0.000000 -0.000000
-0.000000 -0.000000


iNR

a
0.000000 0.000000
0.000000 0.000000
0.000000 0.000000
0.000000 0.000000
0.000000 0.000000
0.000000 0.000000
0.000000 0.000000
0.000000 0.000000
0.000000 0.000000
0.000000 0.000000
0.028927 -0.015246
0.116747 -0.063767
0.000000 0.000000
0.000000 0.000000
0.000000 0.000000
0.006000 -0.002733
0.008659 -0.004602
0.000000 0.000000
0.000000 0.000000
0.000000 0.000000
0.006204 -0.002878
0.000000 0.000000
0.132898 -0.071459
0.003543 -0.001907
0.000000 0.000000
0.014196 -0.007654
0.007972 -0.004757
0.120172 -0.053364
0.000000 0.000000
0.019700 0.052624
0.026624 -0.014353
0.015978 -0.008612
0.007920 -0.006560
0.000000 0.000000
0.000000 0.000000
b
-0.000000 0.000000
-0.000000 0.000000
-0.022417 -0.014781
-0.000000 0.000000
-0.012096 -0.007859
-0.000000 0.000000
-0.000000 0.000000
-0.000000 0.000000
-0.000000 0.000000
-0.003513 -0.002649
0.000000 0.000000
0.000000 0.000000
0.000000 0.000000
-0.031053 -0.019530
-0.000000 0.000000
-0.000000 0.000000
-0.007834 -0.004895
-0.003134 -0.001958
-0.000000 0.000000
-0.000000 0.000000
-0.001591 -0.000982
-0.000000 0.000000
-0.119506 -0.073748
-0.012298 -0.007144
0.000000 0.000000
-0.015940 -0.009812
-0.000000 0.000000
0.015985 -0.034557
-0.017983 -0.011495
0.033117 -0.040289
-0.008683 -0.004466
-0.017543 -0.010797
-0.008956 -0.003313
-0.022328 -0.013742
0.000000 0.000000
c
0.000000 0.000000
0.000000 0.000000
-0.001601 0.026811
0.000000 0.000000
0.000000 0.000000
0.000000 0.000000
0.000000 0.000000
0.000000 0.000000
0.000000 0.000000
0.000000 0.000000
0.000000 0.000000
0.000000 0.000000
0.000000 0.000000
-0.000195 0.003724
0.000000 0.000000
0.000000 0.000000
-0.000474 0.009414
0.000000 0.000000
0.000000 0.000000
0.000000 0.000000
-0.000268 0.005757
0.000000 0.000000
-0.006672 0.144181
-0.000200 0.012700
0.000000 0.000000
-0.004809 0.105840
0.000000 0.000000
-0.037734 -0.001324
0.000000 0.000000
-0.052779 -0.009698
-0.001085 0.040837
0.000000 0.000000
0.001487 0.009711
0.000000 0.000000
0.000000 0.000000


sNR

a
0.000000 0.000000
0.000000 0.000000
0.000000 0.000000
0.000000 0.000000
0.000000 0.000000
0.000000 0.000000
0.000000 0.000000
0.000000 0.000000
0.000000 0.000000
0.000000 0.000000
0.027200 0.013600
0.108000 0.056000
0.000000 0.000000
0.000000 0.000000
0.000000 0.000000
0.005600 0.002400
0.008000 0.004000
0.000000 0.000000
0.000000 0.000000
0.000000 0.000000
0.005600 0.002400
0.000000 0.000000
0.120000 0.060000
0.003200 0.001600
0.000000 0.000000
0.012800 0.006400
0.007200 0.004000
0.108000 0.044000
0.000000 0.000000
0.016000 -0.047200
0.024000 0.012000
0.014400 0.007200
0.007200 0.005600
0.000000 0.000000
0.000000 0.000000
b
0.000000 0.000000
0.000000 0.000000
0.024000 0.012000
0.000000 0.000000
0.012800 0.006400
0.000000 0.000000
0.000000 0.000000
0.000000 0.000000
0.000000 0.000000
0.004000 0.001600
0.000000 0.000000
0.000000 0.000000
0.000000 0.000000
0.032000 0.016000
0.000000 0.000000
0.000000 0.000000
0.008000 0.004000
0.003200 0.001600
0.000000 0.000000
0.000000 0.000000
0.001600 0.000800
0.000000 0.000000
0.120000 0.060000
0.012000 0.006400
0.000000 0.000000
0.016000 0.008000
0.000000 0.000000
0.020000 -0.030400
0.018400 0.008800
0.016000 -0.047200
0.008000 0.004800
0.017600 0.008800
0.007200 0.005600
0.022400 0.011200
0.000000 0.000000
c
0.000000 0.000000
0.000000 0.000000
0.024000 0.012000
0.000000 0.000000
0.000000 0.000000
0.000000 0.000000
0.000000 0.000000
0.000000 0.000000
0.000000 0.000000
0.000000 0.000000
0.000000 0.000000
0.000000 0.000000
0.000000 0.000000
0.003200 0.001600
0.000000 0.000000
0.000000 0.000000
0.008000 0.004000
0.000000 0.000000
0.000000 0.000000
0.000000 0.000000
0.004800 0.002400
0.000000 0.000000
0.120000 0.060000
0.010400 0.005600
0.000000 0.000000
0.088000 0.044000
0.000000 0.000000
0.016000 -0.031200
0.000000 0.000000
0.016000 -0.047200
0.033600 0.017600
0.000000 0.000000
0.007200 0.005600
0.000000 0.000000
0.000000 0.000000
