VNR

a
1.000000 -0.000000
0.992310 0.072082
0.987184 0.120137
0.999996 0.000037
b
-0.500000 -0.866025
-0.441002 -0.842578
-0.401671 -0.826946
-0.499970 -0.866013
c
-0.500000 0.866025
-0.063482 0.976713
0.227530 1.050505
-0.499778 0.866082


INR

a
31.123303 -286.352207
31.123303 -286.352207
0.077785 -0.715662
-0.077785 0.715662
b
-1.225358 -1.153041
-1.225358 -1.153041
-0.003062 -0.002882
0.003062 0.002882
c
-738.353628 1189.066156
-738.353628 1189.066156
-1.845322 2.971760
1.845322 -2.971760


STXNR

a
31.123303 286.352207
10.243036 286.393731
0.077785 0.715662
0.009190 -0.715835
b
1.611242 0.484671
1.511913 0.523966
0.004027 0.001211
-0.003613 -0.001375
c
1398.938314 -44.899922
1208.248999 -645.675659
3.496280 -0.112216
-2.701983 2.614685


SRXNR

a
10.243036 286.393731
-3.677142 286.421414
0.077758 0.715662
-0.077758 -0.715662
b
1.511913 0.523966
1.445693 0.550163
0.004027 0.001211
-0.004027 -0.001211
c
1208.248999 -645.675659
1081.122790 -1046.192818
3.496038 -0.112978
-3.496038 0.112978


iNR

a
0.000000 0.000000
0.000000 0.000000
35.848720 -285.060830
0.000000 0.000000
b
-0.000000 0.000000
-0.000000 0.000000
-1.238028 -1.126182
-0.000000 0.000000
c
0.000000 0.000000
0.000000 0.000000
281.601510 1298.897249
0.000000 0.000000


sNR

a
0.000000 0.000000
0.000000 0.000000
1.142857 285.714286
0.000000 0.000000
b
0.000000 0.000000
0.000000 0.000000
1.428571 0.571429
0.000000 0.000000
c
0.000000 0.000000
0.000000 0.000000
1428.571429 0.285714
0.000000 0.000000
