VNR

a
1.000000 0.000000
0.999895 -0.000149
0.998090 -0.000594
0.996868 -0.000910
0.974108 -0.006801
0.000000 0.000000
0.947707 -0.013937
0.926776 -0.019595
0.926767 -0.019597
0.926502 -0.019658
0.925813 -0.019652
0.910242 -0.019467
0.910242 -0.019467
0.920833 -0.021266
0.000000 0.000000
0.920363 -0.021405
0.909185 -0.024750
0.908907 -0.024835
0.000000 0.000000
0.889240 -0.030835
0.889235 -0.030837
0.889233 -0.030837
0.887220 -0.031112
0.887788 -0.031413
0.887788 -0.031413
0.886072 -0.032101
0.886007 -0.032128
0.885715 -0.032260
0.885795 -0.032506
0.885806 -0.032545
0.885910 -0.032107
0.885792 -0.032084
0.885780 -0.032083
0.885792 -0.032082
0.000000 0.000000
b
-0.500000 -0.866025
-0.500063 -0.865931
-0.500231 -0.865233
-0.500374 -0.864824
-0.503029 -0.857217
-0.503029 -0.857217
-0.506271 -0.849132
-0.508841 -0.842723
-0.508840 -0.842717
-0.508818 -0.842550
0.000000 0.000000
0.000000 0.000000
0.000000 0.000000
-0.507703 -0.836969
-0.507703 -0.836969
-0.507633 -0.836561
-0.505890 -0.826641
-0.505850 -0.826396
-0.505850 -0.826396
-0.503078 -0.809274
-0.503077 -0.809270
-0.503076 -0.809268
-0.502708 -0.808081
-0.503274 -0.808042
0.000000 0.000000
-0.503592 -0.806713
-0.503637 -0.806684
-0.503852 -0.806542
-0.504105 -0.806290
-0.504149 -0.806272
-0.503480 -0.806509
-0.503378 -0.806265
-0.503369 -0.806254
-0.503373 -0.806252
0.000000 0.000000
c
-0.500000 0.866025
-0.499896 0.866047
-0.499243 0.865308
-0.498853 0.864839
-0.491582 0.856101
0.000000 0.000000
-0.483091 0.845730
-0.476359 0.837507
-0.476357 0.837503
-0.476280 0.837365
0.000000 0.000000
0.000000 0.000000
0.000000 0.000000
-0.473125 0.833307
0.000000 0.000000
-0.472865 0.832966
-0.466495 0.824701
-0.466336 0.824498
0.000000 0.000000
-0.455068 0.810018
-0.455065 0.810014
-0.455064 0.810012
-0.454046 0.808622
-0.454028 0.809123
0.000000 0.000000
-0.452860 0.808144
-0.452843 0.808156
-0.452756 0.808220
-0.452497 0.808400
-0.452458 0.808422
-0.452809 0.808013
-0.452833 0.808010
-0.452830 0.807997
-0.452834 0.808013
-0.452834 0.808013


INR

a
0.533966 -0.208331
0.533966 -0.208331
0.533966 -0.208331
0.533966 -0.208331
0.000000 0.000000
0.533966 -0.208331
0.533966 -0.208331
0.533966 -0.208331
0.533966 -0.208331
0.146335 -0.079337
0.117280 -0.064030
-0.000000 0.000000
0.387631 -0.128995
0.000000 0.000000
0.387631 -0.128995
0.381610 -0.126247
0.372937 -0.121611
0.000000 0.000000
0.372937 -0.121611
0.372937 -0.121611
0.150731 -0.072913
0.150731 -0.072913
0.216010 -0.045785
-0.000000 0.000000
0.212473 -0.043857
0.147912 -0.006300
0.139960 -0.001497
0.019993 0.052550
0.019993 0.052550
0.050395 -0.029822
0.023830 -0.015314
0.007889 -0.006608
-0.000000 0.000000
0.000000 0.000000
b
-0.256875 -0.262467
-0.256875 -0.262467
-0.234461 -0.247688
-0.234461 -0.247688
-0.000000 0.000000
-0.222390 -0.239840
-0.222390 -0.239840
-0.222390 -0.239840
-0.222390 -0.239840
0.000000 0.000000
0.000000 0.000000
0.000000 0.000000
-0.218897 -0.237201
-0.000000 0.000000
-0.187969 -0.217729
-0.187969 -0.217729
-0.180140 -0.212843
-0.000000 0.000000
-0.177007 -0.210888
-0.177007 -0.210888
-0.120138 -0.073762
-0.120138 -0.073762
-0.055270 -0.136143
0.000000 0.000000
-0.042899 -0.128997
0.031030 -0.086856
0.031030 -0.086856
0.015061 -0.052083
0.033166 -0.040582
-0.057884 -0.032323
-0.049145 -0.027859
-0.009009 -0.003305
-0.022476 -0.013750
0.000000 0.000000
c
-0.107233 0.352294
-0.107233 0.352294
-0.105632 0.325482
-0.105632 0.325482
0.000000 0.000000
-0.105632 0.325482
-0.105632 0.325482
-0.105632 0.325482
-0.105632 0.325482
0.000000 0.000000
0.000000 0.000000
0.000000 0.000000
-0.105632 0.325482
0.000000 0.000000
-0.105435 0.321754
-0.105435 0.321754
-0.104953 0.312326
0.000000 0.000000
-0.104953 0.312326
-0.104953 0.312326
-0.006940 0.144504
-0.006940 0.144504
-0.097735 0.162053
0.000000 0.000000
-0.097513 0.149324
-0.092826 -0.007436
-0.092826 -0.007436
-0.055002 -0.006044
-0.055002 -0.006044
0.000316 0.050672
0.001474 0.009737
0.001474 0.009737
-0.000000 0.000000
-0.000000 0.000000


STXNR

a
0.533966 0.208331
0.533941 0.208230
0.533070 0.207616
0.532483 0.207193
0.000000 0.000000
0.521557 0.199306
0.508947 0.189995
0.498949 0.182613
0.498944 0.182611
0.137139 0.070629
0.109838 0.056975
-0.000000 -0.000000
0.361676 0.111894
0.000000 0.000000
0.359686 0.110539
0.353922 0.108025
0.342079 0.101337
0.000000 0.000000
0.341985 0.101271
0.335381 0.096642
0.136284 0.060188
0.136283 0.060188
0.193495 0.034052
-0.000000 -0.000000
0.190009 0.032262
0.131263 0.000834
0.124054 -0.003171
0.016013 -0.047190
0.016002 -0.047199
0.045611 0.024806
0.021603 0.012801
0.007200 0.005600
-0.000000 -0.000000
0.000000 0.000000
b
0.355741 0.091227
0.355732 0.091186
0.331592 0.078962
0.331525 0.078831
0.000000 0.000000
0.317463 0.069990
0.316245 0.067415
0.315279 0.065373
0.315278 0.065372
0.000000 0.000000
0.000000 0.000000
0.000000 0.000000
0.311233 0.063740
-0.000000 0.000000
0.277665 0.046783
0.277563 0.046721
0.267075 0.041236
-0.000000 0.000000
0.263816 0.039601
0.259715 0.037154
0.120132 0.060116
0.120132 0.060115
0.137981 -0.023762
0.000000 0.000000
0.125825 -0.030256
0.054442 -0.068772
0.054438 -0.068775
0.034419 -0.038389
0.016002 -0.047199
0.055225 0.030418
0.047212 0.025609
0.007200 0.005600
0.022400 0.011200
0.000000 0.000000
c
0.358712 0.083280
0.358709 0.083241
0.334378 0.071091
0.334184 0.071013
0.000000 0.000000
0.330572 0.069570
0.326300 0.067901
0.322912 0.066579
0.322911 0.066578
0.000000 0.000000
0.000000 0.000000
0.000000 0.000000
0.322858 0.066568
0.000000 0.000000
0.318004 0.064370
0.317866 0.064322
0.306536 0.059144
0.000000 0.000000
0.306455 0.059116
0.300750 0.057116
0.120208 0.060138
0.120208 0.060137
0.175741 -0.005422
0.000000 0.000000
0.165095 -0.011103
0.036028 -0.078384
0.036026 -0.078385
0.020018 -0.047191
0.020002 -0.047199
0.040807 0.023202
0.007200 0.005600
0.007200 0.005600
0.000000 0.000000
0.000000 0.000000


SRXNR

a
0.533941 0.208230
0.533070 0.207616
0.532483 0.207193
0.521557 0.199306
0.000000 0.000000
0.508947 0.189995
0.498949 0.182613
0.498944 0.182611
0.498815 0.182523
0.137038 0.070575
0.108000 0.056000
-0.000000 -0.000000
0.359686 0.110539
0.000000 0.000000
0.359522 0.110425
0.350079 0.105337
0.341985 0.101271
0.000000 0.000000
0.335381 0.096642
0.335379 0.096641
0.136283 0.060188
0.136000 0.060000
0.193209 0.033862
-0.000000 -0.000000
0.189674 0.032040
0.131254 0.000829
0.124013 -0.003190
0.016002 -0.047199
0.016000 -0.047200
0.045603 0.024801
0.021600 0.012800
0.007200 0.005600
-0.000000 -0.000000
0.000000 0.000000
b
0.355732 0.091186
0.355592 0.090962
0.331525 0.078831
0.330263 0.076390
0.000000 0.000000
0.316245 0.067415
0.315279 0.065373
0.315278 0.065372
0.315233 0.065340
0.000000 0.000000
0.000000 0.000000
0.000000 0.000000
0.309665 0.062783
-0.000000 0.000000
0.277563 0.046721
0.275075 0.045236
0.267016 0.041201
-0.000000 0.000000
0.259715 0.037154
0.259713 0.037154
0.120132 0.060115
0.120000 0.060000
0.137825 -0.023856
0.000000 0.000000
0.125667 -0.030354
0.054438 -0.068775
0.054419 -0.068789
0.034402 -0.038399
0.016000 -0.047200
0.055212 0.030409
0.047200 0.025600
0.007200 0.005600
0.022400 0.011200
0.000000 0.000000
c
0.358709 0.083241
0.358378 0.083091
0.334184 0.071013
0.330572 0.069570
0.000000 0.000000
0.326300 0.067901
0.322912 0.066579
0.322911 0.066578
0.322858 0.066568
0.000000 0.000000
0.000000 0.000000
0.000000 0.000000
0.321204 0.065970
0.000000 0.000000
0.317866 0.064322
0.314536 0.063144
0.306455 0.059116
0.000000 0.000000
0.300750 0.057116
0.300749 0.057115
0.120208 0.060137
0.120000 0.060000
0.175495 -0.005503
0.000000 0.000000
0.164835 -0.011182
0.036026 -0.078385
0.036018 -0.078391
0.020002 -0.047199
0.020000 -0.047200
0.040800 0.023200
0.007200 0.005600
0.007200 0.005600
0.000000 0.000000
0.000000 0.000000


iNR

a
0.000000 0.000000
0.000000 0.000000
0.000000 0.000000
0.000000 0.000000
0.000000 0.000000
0.000000 0.000000
0.000000 0.000000
0.000000 0.000000
0.000000 0.000000
0.000000 0.000000
0.029055 -0.015307
0.117280 -0.064030
0.000000 0.000000
0.000000 0.000000
0.000000 0.000000
0.006021 -0.002748
0.008673 -0.004636
0.000000 0.000000
0.000000 0.000000
0.000000 0.000000
0.006197 -0.002914
0.000000 0.000000
0.150731 -0.072913
0.003536 -0.001927
0.000000 0.000000
0.014166 -0.007736
0.007952 -0.004803
0.119967 -0.054047
0.000000 0.000000
0.019993 0.052550
0.026565 -0.014508
0.015941 -0.008706
0.007889 -0.006608
0.000000 0.000000
0.000000 0.000000
b
-0.000000 0.000000
-0.000000 0.000000
-0.022414 -0.014780
-0.000000 0.000000
-0.012072 -0.007848
-0.000000 0.000000
-0.000000 0.000000
-0.000000 0.000000
-0.000000 0.000000
-0.003492 -0.002638
0.000000 0.000000
0.000000 0.000000
0.000000 0.000000
-0.030928 -0.019472
-0.000000 0.000000
-0.000000 0.000000
-0.007829 -0.004886
-0.003133 -0.001955
-0.000000 0.000000
-0.000000 0.000000
-0.001599 -0.000983
-0.000000 0.000000
-0.120138 -0.073762
-0.012371 -0.007146
0.000000 0.000000
-0.016045 -0.009817
-0.000000 0.000000
0.015969 -0.034773
-0.018105 -0.011501
0.033166 -0.040582
-0.008738 -0.004464
-0.017660 -0.010804
-0.009009 -0.003305
-0.022476 -0.013750
0.000000 0.000000
c
0.000000 0.000000
0.000000 0.000000
-0.001601 0.026812
0.000000 0.000000
0.000000 0.000000
0.000000 0.000000
0.000000 0.000000
0.000000 0.000000
0.000000 0.000000
0.000000 0.000000
0.000000 0.000000
0.000000 0.000000
0.000000 0.000000
-0.000197 0.003728
0.000000 0.000000
0.000000 0.000000
-0.000482 0.009428
0.000000 0.000000
0.000000 0.000000
0.000000 0.000000
-0.000278 0.005769
0.000000 0.000000
-0.006940 0.144504
-0.000222 0.012729
0.000000 0.000000
-0.005003 0.106088
0.000000 0.000000
-0.037824 -0.001392
0.000000 0.000000
-0.055002 -0.006044
-0.001158 0.040935
0.000000 0.000000
0.001474 0.009737
0.000000 0.000000
0.000000 0.000000


sNR

a
0.000000 0.000000
0.000000 0.000000
0.000000 0.000000
0.000000 0.000000
0.000000 0.000000
0.000000 0.000000
0.000000 0.000000
0.000000 0.000000
0.000000 0.000000
0.000000 0.000000
0.027200 0.013600
0.108000 0.056000
0.000000 0.000000
0.000000 0.000000
0.000000 0.000000
0.005600 0.002400
0.008000 0.004000
0.000000 0.000000
0.000000 0.000000
0.000000 0.000000
0.005600 0.002400
0.000000 0.000000
0.136000 0.060000
0.003200 0.001600
0.000000 0.000000
0.012800 0.006400
0.007200 0.004000
0.108000 0.044000
0.000000 0.000000
0.016000 -0.047200
0.024000 0.012000
0.014400 0.007200
0.007200 0.005600
0.000000 0.000000
0.000000 0.000000
b
0.000000 0.000000
0.000000 0.000000
0.024000 0.012000
0.000000 0.000000
0.012800 0.006400
0.000000 0.000000
0.000000 0.000000
0.000000 0.000000
0.000000 0.000000
0.004000 0.001600
0.000000 0.000000
0.000000 0.000000
0.000000 0.000000
0.032000 0.016000
0.000000 0.000000
0.000000 0.000000
0.008000 0.004000
0.003200 0.001600
0.000000 0.000000
0.000000 0.000000
0.001600 0.000800
0.000000 0.000000
0.120000 0.060000
0.012000 0.006400
0.000000 0.000000
0.016000 0.008000
0.000000 0.000000
0.020000 -0.030400
0.018400 0.008800
0.016000 -0.047200
0.008000 0.004800
0.017600 0.008800
0.007200 0.005600
0.022400 0.011200
0.000000 0.000000
c
0.000000 0.000000
0.000000 0.000000
0.024000 0.012000
0.000000 0.000000
0.000000 0.000000
0.000000 0.000000
0.000000 0.000000
0.000000 0.000000
0.000000 0.000000
0.000000 0.000000
0.000000 0.000000
0.000000 0.000000
0.000000 0.000000
0.003200 0.001600
0.000000 0.000000
0.000000 0.000000
0.008000 0.004000
0.000000 0.000000
0.000000 0.000000
0.000000 0.000000
0.004800 0.002400
0.000000 0.000000
0.120000 0.060000
0.010400 0.005600
0.000000 0.000000
0.088000 0.044000
0.000000 0.000000
0.016000 -0.031200
0.000000 0.000000
0.020000 -0.047200
0.033600 0.017600
0.000000 0.000000
0.007200 0.005600
0.000000 0.000000
0.000000 0.000000
