VNR

a
1.000000 0.000000
0.999979 -0.000072
0.999279 -0.000407
0.998803 -0.000639
0.989934 -0.004959
0.000000 0.000000
0.979643 -0.010110
0.971485 -0.014193
0.971481 -0.014194
0.971362 -0.014233
0.971041 -0.014232
0.963791 -0.014194
0.963791 -0.014194
0.968887 -0.015317
0.000000 0.000000
0.968685 -0.015414
0.963869 -0.017742
0.963750 -0.017801
0.000000 0.000000
0.955330 -0.022043
0.955327 -0.022044
0.955326 -0.022044
0.954532 -0.022129
0.954729 -0.022630
0.954729 -0.022630
0.954026 -0.023338
0.954001 -0.023372
0.953893 -0.023537
0.953970 -0.023814
0.953982 -0.023857
0.953943 -0.023325
0.953878 -0.023295
0.953872 -0.023293
0.953878 -0.023293
0.000000 0.000000
b
-0.500000 -0.866025
-0.500046 -0.865997
-0.500230 -0.865609
-0.500368 -0.865378
-0.502943 -0.861081
-0.502943 -0.861081
-0.506014 -0.856463
-0.508449 -0.852802
-0.508450 -0.852800
-0.508468 -0.852743
0.000000 0.000000
0.000000 0.000000
0.000000 0.000000
-0.508781 -0.850643
-0.508781 -0.850643
-0.508817 -0.850496
-0.509672 -0.846888
-0.509695 -0.846799
-0.509695 -0.846799
-0.511390 -0.840609
-0.511391 -0.840608
-0.511390 -0.840607
-0.511168 -0.839926
-0.511843 -0.840177
0.000000 0.000000
-0.512420 -0.839723
-0.512460 -0.839714
-0.512653 -0.839667
-0.512896 -0.839548
-0.512935 -0.839540
-0.512375 -0.839642
-0.512333 -0.839535
-0.512329 -0.839530
-0.512330 -0.839528
0.000000 0.000000
c
-0.500000 0.866025
-0.499956 0.866049
-0.499584 0.865847
-0.499359 0.865725
-0.495155 0.863454
0.000000 0.000000
-0.490247 0.860710
-0.486356 0.858534
-0.486355 0.858533
-0.486303 0.858492
0.000000 0.000000
0.000000 0.000000
0.000000 0.000000
-0.484296 0.857378
0.000000 0.000000
-0.484131 0.857282
-0.480110 0.854965
-0.480010 0.854909
0.000000 0.000000
-0.472880 0.850920
-0.472878 0.850919
-0.472878 0.850918
-0.472379 0.850301
-0.472179 0.850843
0.000000 0.000000
-0.471380 0.850789
-0.471360 0.850814
-0.471265 0.850936
-0.471062 0.851172
-0.471032 0.851204
-0.471351 0.850730
-0.471358 0.850732
-0.471356 0.850726
-0.471358 0.850733
-0.471358 0.850733


INR

a
0.239356 -0.039944
0.239356 -0.039944
0.239356 -0.039944
0.239356 -0.039944
0.000000 0.000000
0.239356 -0.039944
0.239356 -0.039944
0.239356 -0.039944
0.239356 -0.039944
0.068538 -0.036569
0.054797 -0.029445
0.000000 0.000000
0.170818 -0.003375
0.000000 0.000000
0.170818 -0.003375
0.167983 -0.002106
0.163931 0.000014
0.000000 0.000000
0.163931 0.000014
0.163931 0.000014
0.060992 -0.032284
0.060992 -0.032284
0.100090 0.033598
0.000000 0.000000
0.098464 0.034459
0.068815 0.051243
0.065162 0.053391
0.009637 0.056065
0.009637 0.056065
0.023145 -0.013331
0.010951 -0.006856
0.003634 -0.002971
0.000000 0.000000
0.000000 0.000000
b
-0.079790 -0.154479
-0.079790 -0.154479
-0.068589 -0.147090
-0.068589 -0.147090
0.000000 0.000000
-0.062588 -0.143171
-0.062588 -0.143171
-0.062588 -0.143171
-0.062588 -0.143171
0.000000 0.000000
0.000000 0.000000
0.000000 0.000000
-0.060869 -0.141857
0.000000 0.000000
-0.045710 -0.132181
-0.045710 -0.132181
-0.041907 -0.129768
0.000000 0.000000
-0.040386 -0.128803
-0.040386 -0.128803
-0.057403 -0.036024
-0.057403 -0.036024
0.017782 -0.092299
0.000000 0.000000
0.023695 -0.088805
0.058980 -0.068213
0.058980 -0.068213
0.033678 -0.040932
0.042314 -0.035320
-0.027628 -0.015799
-0.023454 -0.013613
-0.004308 -0.001631
-0.010722 -0.006710
0.000000 0.000000
c
-0.094326 0.140222
-0.094326 0.140222
-0.093526 0.126827
-0.093526 0.126827
0.000000 0.000000
-0.093526 0.126827
-0.093526 0.126827
-0.093526 0.126827
-0.093526 0.126827
0.000000 0.000000
0.000000 0.000000
0.000000 0.000000
-0.093526 0.126827
0.000000 0.000000
-0.093435 0.125023
-0.093435 0.125023
-0.093218 0.120503
0.000000 0.000000
-0.093218 0.120503
-0.093218 0.120503
-0.002963 0.068155
-0.002963 0.068155
-0.090136 0.049623
0.000000 0.000000
-0.090060 0.043619
-0.088209 -0.030231
-0.088209 -0.030231
-0.052208 -0.019593
-0.052208 -0.019593
0.000264 0.023866
0.000716 0.004583
0.000716 0.004583
0.000000 0.000000
0.000000 0.000000


STXNR

a
0.239356 0.039944
0.239354 0.039926
0.239200 0.039818
0.239095 0.039744
0.000000 0.000000
0.237145 0.038355
0.234888 0.036711
0.233098 0.035408
0.233097 0.035408
0.067096 0.034547
0.053629 0.027812
0.000000 0.000000
0.165974 0.000847
0.000000 0.000000
0.165555 0.000654
0.162755 -0.000549
0.158008 -0.002922
0.000000 0.000000
0.157989 -0.002931
0.156608 -0.003627
0.058979 0.029498
0.058979 0.029497
0.094878 -0.034303
0.000000 0.000000
0.093226 -0.035128
0.064455 -0.050493
0.060916 -0.052459
0.007873 -0.053707
0.007859 -0.053714
0.022392 0.012178
0.010606 0.006285
0.003535 0.002750
0.000000 0.000000
0.000000 0.000000
b
0.173678 -0.008139
0.173677 -0.008149
0.161633 -0.014208
0.161608 -0.014244
0.000000 0.000000
0.154760 -0.018114
0.154291 -0.018842
0.153919 -0.019420
0.153919 -0.019420
0.000000 0.000000
0.000000 0.000000
0.000000 0.000000
0.151918 -0.020224
0.000000 0.000000
0.135695 -0.028368
0.135677 -0.028380
0.131258 -0.030648
0.000000 0.000000
0.129655 -0.031452
0.128926 -0.031920
0.059638 0.029831
0.059638 0.029831
0.068493 -0.062149
0.000000 0.000000
0.062484 -0.065362
0.027058 -0.084481
0.027055 -0.084483
0.017104 -0.049262
0.007951 -0.053640
0.027424 0.015104
0.023448 0.012718
0.003576 0.002782
0.011127 0.005563
0.000000 0.000000
c
0.168599 -0.011578
0.168598 -0.011586
0.156537 -0.017619
0.156500 -0.017636
0.000000 0.000000
0.155819 -0.017957
0.155012 -0.018322
0.154372 -0.018612
0.154372 -0.018613
0.000000 0.000000
0.000000 0.000000
0.000000 0.000000
0.154362 -0.018615
0.000000 0.000000
0.152442 -0.019561
0.152415 -0.019572
0.147780 -0.021843
0.000000 0.000000
0.147764 -0.021850
0.146619 -0.022337
0.059395 0.029708
0.059395 0.029708
0.084849 -0.053233
0.000000 0.000000
0.079637 -0.056031
0.015860 -0.089297
0.015857 -0.089299
0.007931 -0.053659
0.007916 -0.053668
0.020180 0.011475
0.003561 0.002770
0.003561 0.002770
0.000000 0.000000
0.000000 0.000000


SRXNR

a
0.239354 0.039926
0.239200 0.039818
0.239095 0.039744
0.237145 0.038355
0.000000 0.000000
0.234888 0.036711
0.233098 0.035408
0.233097 0.035408
0.233070 0.035394
0.067074 0.034535
0.053231 0.027601
0.000000 0.000000
0.165555 0.000654
0.000000 0.000000
0.165521 0.000636
0.161951 -0.000950
0.157989 -0.002931
0.000000 0.000000
0.156608 -0.003627
0.156608 -0.003627
0.058979 0.029497
0.058933 0.029467
0.094798 -0.034342
0.000000 0.000000
0.093133 -0.035173
0.064452 -0.050494
0.060901 -0.052463
0.007859 -0.053714
0.007856 -0.053715
0.022390 0.012177
0.010605 0.006285
0.003535 0.002750
0.000000 0.000000
0.000000 0.000000
b
0.173677 -0.008149
0.173632 -0.008208
0.161608 -0.014244
0.161153 -0.014917
0.000000 0.000000
0.154291 -0.018842
0.153919 -0.019420
0.153919 -0.019420
0.153912 -0.019427
0.000000 0.000000
0.000000 0.000000
0.000000 0.000000
0.151639 -0.020396
0.000000 0.000000
0.135677 -0.028380
0.135240 -0.028658
0.131247 -0.030655
0.000000 0.000000
0.128926 -0.031920
0.128926 -0.031920
0.059638 0.029831
0.059600 0.029800
0.068445 -0.062183
0.000000 0.000000
0.062430 -0.065403
0.027055 -0.084483
0.027040 -0.084493
0.017091 -0.049268
0.007949 -0.053641
0.027422 0.015102
0.023445 0.012716
0.003576 0.002782
0.011127 0.005563
0.000000 0.000000
c
0.168598 -0.011586
0.168535 -0.011620
0.156500 -0.017636
0.155819 -0.017957
0.000000 0.000000
0.155012 -0.018322
0.154372 -0.018612
0.154372 -0.018613
0.154362 -0.018615
0.000000 0.000000
0.000000 0.000000
0.000000 0.000000
0.154033 -0.018766
0.000000 0.000000
0.152415 -0.019572
0.151750 -0.019859
0.147764 -0.021850
0.000000 0.000000
0.146619 -0.022337
0.146619 -0.022337
0.059395 0.029708
0.059352 0.029676
0.084782 -0.053261
0.000000 0.000000
0.079563 -0.056061
0.015857 -0.089299
0.015845 -0.089307
0.007916 -0.053668
0.007914 -0.053669
0.020179 0.011474
0.003561 0.002770
0.003561 0.002770
0.000000 0.000000
0.000000 0.000000


iNR

a
0.000000 0.000000
0.000000 0.000000
0.000000 0.000000
0.000000 0.000000
0.000000 0.000000
0.000000 0.000000
0.000000 0.000000
0.000000 0.000000
0.000000 0.000000
0.000000 0.000000
0.004028 -0.002089
0.026286 -0.014125
0.000000 0.000000
0.000000 0.000000
0.000000 0.000000
0.000820 -0.000367
0.000965 -0.000505
0.000000 0.000000
0.000000 0.000000
0.000000 0.000000
0.000931 -0.000425
0.000000 0.000000
0.010083 -0.005337
0.000648 -0.000343
0.000000 0.000000
0.001758 -0.000933
0.001327 -0.000780
0.013783 0.031477
0.000000 0.000000
0.003299 0.061401
0.002459 -0.001306
0.002716 -0.001442
0.000976 -0.000798
0.000000 0.000000
0.000000 0.000000
b
0.000000 0.000000
0.000000 0.000000
-0.007252 -0.004784
0.000000 0.000000
-0.000738 -0.000482
0.000000 0.000000
0.000000 0.000000
0.000000 0.000000
0.000000 0.000000
-0.000516 -0.000394
0.000000 0.000000
0.000000 0.000000
0.000000 0.000000
-0.007272 -0.004642
0.000000 0.000000
0.000000 0.000000
-0.001365 -0.000866
-0.000440 -0.000279
0.000000 0.000000
0.000000 0.000000
-0.000209 -0.000131
0.000000 0.000000
-0.018746 -0.011764
-0.001612 -0.000952
0.000000 0.000000
-0.003050 -0.001909
0.000000 0.000000
0.032162 -0.022834
-0.003137 -0.002038
0.049766 -0.032620
-0.001586 -0.000831
-0.001804 -0.001129
-0.000869 -0.000329
-0.003980 -0.002491
0.000000 0.000000
c
0.000000 0.000000
0.000000 0.000000
-0.000356 0.005962
0.000000 0.000000
0.000000 0.000000
0.000000 0.000000
0.000000 0.000000
0.000000 0.000000
0.000000 0.000000
0.000000 0.000000
0.000000 0.000000
0.000000 0.000000
0.000000 0.000000
-0.000030 0.000598
0.000000 0.000000
0.000000 0.000000
-0.000055 0.001151
0.000000 0.000000
0.000000 0.000000
0.000000 0.000000
-0.000028 0.000649
0.000000 0.000000
-0.000809 0.018603
-0.000017 0.001324
0.000000 0.000000
-0.000577 0.013624
0.000000 0.000000
-0.035984 -0.016224
0.000000 0.000000
-0.053489 -0.027087
-0.000164 0.007004
0.000000 0.000000
0.000272 0.001741
0.000000 0.000000
0.000000 0.000000


sNR

a
0.000000 0.000000
0.000000 0.000000
0.000000 0.000000
0.000000 0.000000
0.000000 0.000000
0.000000 0.000000
0.000000 0.000000
0.000000 0.000000
0.000000 0.000000
0.000000 0.000000
0.003941 0.001971
0.025535 0.013240
0.000000 0.000000
0.000000 0.000000
0.000000 0.000000
0.000800 0.000343
0.000939 0.000470
0.000000 0.000000
0.000000 0.000000
0.000000 0.000000
0.000898 0.000385
0.000000 0.000000
0.009742 0.004871
0.000626 0.000313
0.000000 0.000000
0.001699 0.000849
0.001284 0.000713
0.012406 -0.030351
0.000000 0.000000
0.001683 -0.058654
0.002376 0.001188
0.002624 0.001312
0.000950 0.000739
0.000000 0.000000
0.000000 0.000000
b
0.000000 0.000000
0.000000 0.000000
0.007769 0.003884
0.000000 0.000000
0.000787 0.000393
0.000000 0.000000
0.000000 0.000000
0.000000 0.000000
0.000000 0.000000
0.000599 0.000239
0.000000 0.000000
0.000000 0.000000
0.000000 0.000000
0.007648 0.003824
0.000000 0.000000
0.000000 0.000000
0.001429 0.000714
0.000460 0.000230
0.000000 0.000000
0.000000 0.000000
0.000217 0.000108
0.000000 0.000000
0.019463 0.009732
0.001625 0.000867
0.000000 0.000000
0.003166 0.001583
0.000000 0.000000
0.002685 -0.038711
0.003320 0.001588
0.001860 -0.058512
0.001510 0.000906
0.001873 0.000936
0.000721 0.000561
0.004130 0.002065
0.000000 0.000000
c
0.000000 0.000000
0.000000 0.000000
0.005340 0.002670
0.000000 0.000000
0.000000 0.000000
0.000000 0.000000
0.000000 0.000000
0.000000 0.000000
0.000000 0.000000
0.000000 0.000000
0.000000 0.000000
0.000000 0.000000
0.000000 0.000000
0.000527 0.000264
0.000000 0.000000
0.000000 0.000000
0.001011 0.000505
0.000000 0.000000
0.000000 0.000000
0.000000 0.000000
0.000566 0.000283
0.000000 0.000000
0.016200 0.008100
0.001134 0.000611
0.000000 0.000000
0.011863 0.005932
0.000000 0.000000
0.003152 -0.038266
0.000000 0.000000
0.002139 -0.058289
0.006036 0.003162
0.000000 0.000000
0.001353 0.001052
0.000000 0.000000
0.000000 0.000000
