VNR

a
1.000000 -0.000000
0.997541 -0.004942
0.986747 -0.018714
0.985735 -0.019087
0.985671 -0.019129
0.000000 0.000000
0.000000 0.000000
0.979409 -0.036269
0.979390 -0.036579
0.977230 -0.037961
0.979348 -0.036315
0.978730 -0.036382
0.976827 -0.035868
0.000000 0.000000
b
-0.500000 -0.866025
-0.502300 -0.861998
-0.508099 -0.851422
-0.508006 -0.850713
-0.508028 -0.850674
-0.506542 -0.846698
-0.506100 -0.845093
-0.511301 -0.853874
-0.511325 -0.854059
-0.512568 -0.854200
-0.511333 -0.853807
0.000000 0.000000
0.000000 0.000000
0.000000 0.000000
c
-0.500000 0.866025
-0.494479 0.866054
-0.475602 0.860279
-0.475143 0.859530
-0.475102 0.859497
-0.475651 0.861601
-0.475690 0.862042
-0.458000 0.851475
-0.457785 0.851307
-0.457499 0.850728
-0.457921 0.851449
-0.457148 0.851169
0.000000 0.000000
-0.456071 0.850991


INR

a
0.234178 -0.091371
0.234178 -0.091371
0.031885 -0.022845
0.031885 -0.022845
0.000000 0.000000
0.000000 0.000000
0.202293 -0.068526
0.098552 -0.001528
0.098552 -0.001528
0.001990 -0.001089
0.025356 -0.018421
0.025356 -0.018421
0.000000 0.000000
b
-0.176356 -0.125095
-0.176356 -0.125095
-0.027940 -0.011450
-0.027940 -0.011450
-0.086055 -0.042674
-0.046776 -0.026177
-0.062361 -0.070971
0.017097 -0.026162
0.017097 -0.026162
-0.001892 -0.001206
0.000000 0.000000
0.000000 0.000000
0.000000 0.000000
c
-0.029411 0.250515
-0.029411 0.250515
0.004196 0.030094
0.004196 0.030094
0.000000 -0.000000
0.000000 -0.000000
-0.033607 0.220421
-0.015602 0.098646
-0.026354 0.053320
-0.000068 0.002289
-0.020265 0.028686
0.000000 0.000000
-0.020265 0.028686


STXNR

a
0.234178 0.091371
0.234053 0.089989
0.031890 0.021945
0.031866 0.021910
0.000000 0.000000
0.000000 0.000000
0.200894 0.063832
0.096578 -0.002078
0.096577 -0.002109
0.001988 0.000994
0.025502 0.017123
0.025487 0.017107
0.000000 0.000000
b
0.196513 0.090181
0.196415 0.089184
0.023945 0.017971
0.023934 0.017952
0.080058 0.051587
0.045858 0.026346
0.092112 0.017036
0.013598 -0.027975
0.013602 -0.027979
0.001997 0.000999
0.000000 0.000000
0.000000 0.000000
0.000000 0.000000
c
0.231658 0.099787
0.231503 0.098403
0.023893 0.017922
0.023873 0.017905
-0.000000 -0.000000
-0.000000 -0.000000
0.205607 0.075922
0.091141 0.031895
0.057456 0.001974
0.001980 0.000990
0.033707 -0.004117
0.000000 0.000000
0.033681 -0.004135


SRXNR

a
0.234053 0.089989
0.232784 0.085777
0.031866 0.021910
0.031865 0.021907
0.000000 0.000000
0.000000 0.000000
0.200613 0.059778
0.096577 -0.002109
0.096366 -0.002248
0.001988 0.000994
0.025487 0.017107
0.025429 0.017085
0.000000 0.000000
b
0.196415 0.089184
0.196115 0.086593
0.023934 0.017952
0.023934 0.017951
0.079723 0.051247
0.045795 0.026282
0.092485 0.016961
0.013602 -0.027979
0.013584 -0.028014
0.001997 0.000999
0.000000 0.000000
0.000000 0.000000
0.000000 0.000000
c
0.231503 0.098403
0.229501 0.093844
0.023873 0.017905
0.023872 0.017904
-0.000000 -0.000000
-0.000000 -0.000000
0.203075 0.072338
0.091121 0.031876
0.057417 0.001974
0.001980 0.000990
0.033681 -0.004135
0.000000 0.000000
0.033654 -0.004163


iNR

a
0.000000 0.000000
0.000000 0.000000
0.000000 0.000000
0.000000 0.000000
0.031885 -0.022845
0.000000 0.000000
0.000000 0.000000
0.076395 -0.047488
0.000000 0.000000
0.098552 -0.001528
0.001990 -0.001089
0.000000 0.000000
0.025356 -0.018421
0.000000 0.000000
b
-0.000000 0.000000
-0.000000 0.000000
-0.000000 0.000000
-0.000000 0.000000
-0.027940 -0.011450
-0.039279 -0.016498
-0.046776 -0.026177
-0.077566 -0.043603
-0.000000 0.000000
0.017097 -0.026162
-0.001892 -0.001206
0.000000 0.000000
0.000000 0.000000
0.000000 0.000000
c
0.000000 0.000000
0.000000 0.000000
0.000000 0.000000
0.000000 0.000000
0.004196 0.030094
0.000000 0.000000
0.000000 0.000000
0.002329 0.090799
0.010751 0.045326
-0.026354 0.053320
-0.000068 0.002289
0.000000 0.000000
0.000000 0.000000
-0.020265 0.028686


sNR

a
0.000000 0.000000
0.000000 0.000000
0.000000 0.000000
0.000000 0.000000
0.031865 0.021907
0.000000 0.000000
0.000000 0.000000
0.076544 0.043740
0.000000 0.000000
0.096366 -0.002248
0.001988 0.000994
0.000000 0.000000
0.025429 0.017085
0.000000 0.000000
b
0.000000 0.000000
0.000000 0.000000
0.000000 0.000000
0.000000 0.000000
0.023934 0.017951
0.033865 0.024901
0.045795 0.026282
0.076891 0.043937
0.000000 0.000000
0.013584 -0.028014
0.001997 0.000999
0.000000 0.000000
0.000000 0.000000
0.000000 0.000000
c
0.000000 0.000000
0.000000 0.000000
0.000000 0.000000
0.000000 0.000000
0.023872 0.017904
0.000000 0.000000
0.000000 0.000000
0.076247 0.043570
0.033665 0.029902
0.057417 0.001974
0.001980 0.000990
0.000000 0.000000
0.000000 0.000000
0.033654 -0.004163
