VNR

a
1.000000 0.000000
0.997548 -0.004932
0.986765 -0.018654
0.985754 -0.019026
0.985690 -0.019068
0.000000 0.000000
0.000000 0.000000
0.979433 -0.036155
0.979414 -0.036464
0.977261 -0.037844
0.979372 -0.036201
0.978755 -0.036267
0.976856 -0.035754
0.000000 0.000000
b
-0.500000 -0.866025
-0.502299 -0.862002
-0.508107 -0.851410
-0.508015 -0.850702
-0.508037 -0.850662
-0.506552 -0.846693
-0.506111 -0.845090
-0.511322 -0.853831
-0.511346 -0.854015
-0.512587 -0.854155
-0.511354 -0.853763
0.000000 0.000000
0.000000 0.000000
0.000000 0.000000
c
-0.500000 0.866025
-0.494500 0.866059
-0.475702 0.860337
-0.475244 0.859589
-0.475203 0.859556
-0.475751 0.861657
-0.475790 0.862098
-0.458176 0.851589
-0.457963 0.851421
-0.457677 0.850847
-0.458098 0.851563
-0.457327 0.851285
0.000000 0.000000
-0.456254 0.851110


INR

a
0.233709 -0.091078
0.233709 -0.091078
0.031841 -0.022810
0.031841 -0.022810
0.000000 0.000000
0.000000 0.000000
0.201868 -0.068268
0.098335 -0.001422
0.098335 -0.001422
0.001986 -0.001086
0.025300 -0.018376
0.025300 -0.018376
0.000000 0.000000
b
-0.176167 -0.124997
-0.176167 -0.124997
-0.027914 -0.011439
-0.027914 -0.011439
-0.085933 -0.042612
-0.046706 -0.026137
-0.062320 -0.070946
0.017103 -0.026161
0.017103 -0.026161
-0.001891 -0.001205
-0.000000 0.000000
0.000000 0.000000
0.000000 0.000000
c
-0.029507 0.249582
-0.029507 0.249582
0.004186 0.030038
0.004186 0.030038
-0.000000 0.000000
-0.000000 0.000000
-0.033693 0.219544
-0.015679 0.098231
-0.026388 0.053061
-0.000068 0.002281
-0.020258 0.028547
-0.000000 0.000000
-0.020258 0.028547


STXNR

a
0.233709 0.091078
0.233585 0.089702
0.031845 0.021914
0.031821 0.021879
0.000000 -0.000000
0.000000 0.000000
0.200470 0.063599
0.096364 -0.002163
0.096363 -0.002193
0.001984 0.000992
0.025444 0.017084
0.025429 0.017069
0.000000 -0.000000
b
0.196334 0.090067
0.196236 0.089071
0.023923 0.017954
0.023912 0.017936
0.079943 0.051513
0.045789 0.026306
0.092070 0.017012
0.013592 -0.027980
0.013597 -0.027984
0.001996 0.000998
0.000000 0.000000
0.000000 0.000000
0.000000 0.000000
c
0.230898 0.099237
0.230744 0.097863
0.023851 0.017891
0.023831 0.017874
-0.000000 0.000000
-0.000000 0.000000
0.204910 0.075450
0.090836 0.031655
0.057262 0.001833
0.001974 0.000987
0.033592 -0.004172
-0.000000 0.000000
0.033566 -0.004190


SRXNR

a
0.233585 0.089702
0.232315 0.085513
0.031821 0.021879
0.031820 0.021876
0.000000 0.000000
0.000000 0.000000
0.200185 0.059566
0.096363 -0.002193
0.096153 -0.002332
0.001984 0.000992
0.025429 0.017069
0.025372 0.017047
0.000000 0.000000
b
0.196236 0.089071
0.195935 0.086479
0.023912 0.017936
0.023912 0.017934
0.079608 0.051174
0.045726 0.026243
0.092442 0.016935
0.013597 -0.027984
0.013579 -0.028018
0.001996 0.000998
0.000000 -0.000000
0.000000 0.000000
0.000000 0.000000
c
0.230744 0.097863
0.228761 0.093341
0.023831 0.017874
0.023830 0.017872
-0.000000 0.000000
-0.000000 0.000000
0.202398 0.071897
0.090816 0.031636
0.057224 0.001833
0.001974 0.000987
0.033566 -0.004190
0.000000 0.000000
0.033539 -0.004217


iNR

a
0.000000 -0.000000
0.000000 -0.000000
0.000000 -0.000000
0.000000 -0.000000
0.031841 -0.022810
0.000000 0.000000
0.000000 0.000000
0.076247 -0.047384
0.000000 -0.000000
0.098335 -0.001422
0.001986 -0.001086
0.000000 -0.000000
0.025300 -0.018376
0.000000 0.000000
b
-0.000000 0.000000
-0.000000 0.000000
-0.000000 0.000000
-0.000000 0.000000
-0.027914 -0.011439
-0.039226 -0.016475
-0.046706 -0.026137
-0.077532 -0.043579
-0.000000 0.000000
0.017103 -0.026161
-0.001891 -0.001205
0.000000 0.000000
0.000000 0.000000
0.000000 0.000000
c
0.000000 0.000000
0.000000 0.000000
0.000000 0.000000
0.000000 0.000000
0.004186 0.030038
0.000000 0.000000
0.000000 0.000000
0.002312 0.090485
0.010709 0.045169
-0.026388 0.053061
-0.000068 0.002281
0.000000 0.000000
0.000000 0.000000
-0.020258 0.028547


sNR

a
0.000000 0.000000
0.000000 0.000000
0.000000 0.000000
0.000000 0.000000
0.031820 0.021876
0.000000 0.000000
0.000000 0.000000
0.076392 0.043652
0.000000 0.000000
0.096153 -0.002332
0.001984 0.000992
0.000000 0.000000
0.025372 0.017047
0.000000 0.000000
b
0.000000 0.000000
0.000000 0.000000
0.000000 0.000000
0.000000 0.000000
0.023912 0.017934
0.033819 0.024867
0.045726 0.026243
0.076853 0.043916
0.000000 0.000000
0.013579 -0.028018
0.001996 0.000998
0.000000 0.000000
0.000000 0.000000
0.000000 0.000000
c
0.000000 0.000000
0.000000 0.000000
0.000000 0.000000
0.000000 0.000000
0.023830 0.017872
0.000000 0.000000
0.000000 0.000000
0.075997 0.043427
0.033554 0.029804
0.057224 0.001833
0.001974 0.000987
0.000000 0.000000
0.000000 0.000000
0.033539 -0.004217
