0.418 0.356 0.306 0.42 0.125 0.077 0.239 0.035 0.131 0.278 0.062 0.237 0.027 0.41 0.11 0.453 0.328 0.101 0.489 0.058 0.244 0.42 0.361 0.139 0.209 0.28 0.292 0.287 0.012 0.055 0.278 0.101 0.127 0.003 0.479 
0.308 0.36 0.127 0.417 0.414 0.458 0.315 0.146 0.359 0.149 0.449 0.333 0.096 0.032 0.026 0.35 0.177 0.342 0.164 0.052 0.168 0.143 0.408 0.227 0.191 0.413 0.327 0.034 0.331 0.075 0.231 0.397 0.354 0.361 0.088 
0.311 0.112 0.468 0.036 0.135 0.339 0.254 0.167 0.127 0.073 0.335 0.451 0.47 0.015 0.336 0.484 0.301 0.327 0.333 0.179 0.379 0.278 0.423 0.435 0.348 0.255 0.24 0.106 0.258 0.377 0.498 0.46 0.38 0.413 0.121 
0.489 0.064 0.278 0.107 0.181 0.133 0.425 0.191 0.094 0.162 0.389 0.028 0.199 0.499 0.361 0.099 0.134 0.238 0.061 0.421 0.21 0.056 0.463 0.312 0.105 0.027 0.304 0.419 0.372 0.092 0.228 0.239 0.438 0.01 0.464 
0.227 0.221 0.396 0.473 0.337 0.02 0.127 0.198 0.377 0.49 0.34 0.093 0.286 0.361 0.198 0.017 0.463 0.122 0.074 0.452 0.081 0.335 0.278 0.326 0.176 0.314 0.363 0.356 0.086 0.129 0.232 0.255 0.348 0.183 0.288 
0.1 0.018 0.254 0.052 0.251 0.027 0.045 0.414 0.457 0.335 0.189 0.402 0.341 0.317 0.009 0.136 0.324 0.134 0.207 0.488 0.404 0.218 0.303 0.252 0.059 0.132 0.069 0.377 0.325 0.369 0.162 0.127 0.475 0.034 0.382 
0.144 0.218 0.049 0.211 0.119 0.438 0.033 0.434 0.421 0.079 0.23 0.189 0.167 0.259 0.436 0.106 0.082 0.167 0.058 0.406 0.197 0.106 0.457 0.066 0.165 0.458 0.039 0.376 0.021 0.192 0.356 0.105 0.026 0.351 0.15 
0.419 0.315 0.116 0.221 0.006 0.372 0.154 0.063 0.045 0.431 0.359 0.083 0.444 0.159 0.266 0.148 0.376 0.285 0.367 0.032 0.176 0.314 0.317 0.494 0.13 0.042 0.16 0.389 0.463 0.306 0.242 0.404 0.258 0.107 0.451 
0.055 0.159 0.038 0.327 0.236 0.222 0.058 0.466 0.443 0.257 0.237 0.205 0.246 0.382 0.136 0.474 0.435 0.436 0.465 0.233 0.427 0.038 0.224 0.261 0.27 0.291 0.325 0.447 0.413 0.067 0.39 0.195 0.491 0.121 0.15 
0.183 0.324 0.184 0.36 0.225 0.44 0.304 0.362 0.395 0.473 0.231 0.378 0.467 0.225 0.222 0.367 0.233 0.206 0.376 0.001 0.442 0.296 0.17 0.261 0.183 0.307 0.198 0.462 0.009 0.243 0.363 0.264 0.057 0.424 0.105 
0.293 0.351 0.473 0.196 0.119 0.145 0.31 0.271 0.429 0.08 0.092 0.274 0.241 0.387 0.251 0.26 0.443 0.16 0.336 0.103 0.044 0.32 0.008 0.019 0.309 0.087 0.064 0.243 0.136 0.231 0.142 0.043 0.134 0.27 0.031 
0.198 0.101 0.124 0.068 0.39 0.411 0.147 0.238 0.26 0.049 0.274 0.269 0.497 0.483 0.482 0.046 0.346 0.212 0.43 0.235 0.325 0.092 0.34 0.008 0.238 0.005 0.332 0.319 0.008 0.337 0.393 0.216 0.361 0.353 0.177 
0.184 0.146 0.039 0.092 0.105 0.491 0.392 0.343 0.415 0.132 0.203 0.112 0.002 0.137 0.049 0.444 0.356 0.436 0.028 0.401 0.231 0.297 0.426 0.105 0.071 0.238 0.009 0.164 0.094 0.109 0.04 0.146 0.255 0.462 0.374 
0.391 0.275 0.002 0.147 0.126 0.287 0.231 0.433 0.016 0.449 0.022 0.162 0.07 0.402 0.38 0.388 0.411 0.399 0.106 0.347 0.067 0.369 0.286 0.485 0.0 0.023 0.25 0.326 0.131 0.088 0.162 0.116 0.402 0.087 0.427 
0.402 0.354 0.154 0.453 0.461 0.128 0.173 0.267 0.325 0.187 0.495 0.215 0.374 0.284 0.033 0.315 0.43 0.016 0.242 0.123 0.275 0.267 0.108 0.123 0.188 0.386 0.323 0.29 0.376 0.011 0.128 0.367 0.3 0.282 0.281 
0.215 0.365 0.373 0.375 0.17 0.1 0.463 0.251 0.376 0.063 0.081 0.41 0.195 0.325 0.366 0.48 0.487 0.081 0.132 0.293 0.381 0.475 0.057 0.423 0.113 0.497 0.497 0.351 0.416 0.389 0.499 0.165 0.373 0.337 0.048 
0.037 0.278 0.455 0.193 0.161 0.453 0.082 0.245 0.281 0.277 0.141 0.396 0.091 0.48 0.089 0.08 0.056 0.03 0.016 0.451 0.43 0.22 0.318 0.433 0.206 0.205 0.499 0.066 0.196 0.407 0.006 0.463 0.143 0.317 0.224 
0.364 0.181 0.02 0.383 0.133 0.425 0.076 0.417 0.387 0.207 0.372 0.365 0.255 0.031 0.187 0.145 0.116 0.035 0.087 0.145 0.468 0.227 0.173 0.459 0.319 0.493 0.255 0.024 0.394 0.408 0.058 0.426 0.12 0.198 0.222 
0.113 0.418 0.173 0.244 0.016 0.033 0.256 0.16 0.427 0.091 0.093 0.373 0.164 0.07 0.134 0.084 0.431 0.26 0.2 0.417 0.498 0.3 0.01 0.052 0.078 0.238 0.314 0.492 0.131 0.385 0.236 0.296 0.323 0.441 0.293 
0.232 0.015 0.016 0.118 0.375 0.494 0.263 0.095 0.039 0.249 0.327 0.179 0.392 0.117 0.427 0.088 0.317 0.076 0.152 0.19 0.192 0.361 0.424 0.36 0.129 0.307 0.225 0.041 0.051 0.335 0.406 0.445 0.467 0.077 0.19 
0.374 0.279 0.137 0.408 0.489 0.201 0.171 0.059 0.254 0.193 0.109 0.2 0.086 0.082 0.385 0.167 0.096 0.051 0.499 0.346 0.14 0.127 0.226 0.468 0.002 0.303 0.422 0.28 0.03 0.337 0.355 0.279 0.27 0.275 0.08 
0.324 0.467 0.22 0.383 0.074 0.441 0.154 0.454 0.193 0.099 0.469 0.366 0.448 0.397 0.406 0.003 0.199 0.475 0.212 0.117 0.197 0.459 0.211 0.39 0.093 0.203 0.115 0.226 0.106 0.207 0.142 0.491 0.135 0.204 0.343 
0.008 0.294 0.187 0.231 0.485 0.256 0.13 0.255 0.25 0.272 0.004 0.083 0.423 0.422 0.416 0.439 0.147 0.448 0.4 0.301 0.416 0.221 0.062 0.453 0.355 0.453 0.382 0.142 0.125 0.069 0.365 0.222 0.436 0.239 0.298 
0.471 0.249 0.192 0.096 0.476 0.382 0.068 0.294 0.38 0.486 0.452 0.178 0.24 0.341 0.488 0.442 0.466 0.458 0.025 0.119 0.125 0.25 0.455 0.424 0.185 0.4 0.336 0.167 0.374 0.139 0.38 0.161 0.357 0.12 0.159 
0.422 0.484 0.355 0.235 0.295 0.39 0.426 0.197 0.417 0.343 0.289 0.327 0.025 0.359 0.135 0.208 0.288 0.197 0.096 0.134 0.108 0.085 0.2 0.179 0.087 0.031 0.174 0.069 0.22 0.096 0.132 0.492 0.364 0.204 0.412 
0.045 0.486 0.296 0.436 0.192 0.425 0.259 0.389 0.089 0.386 0.316 0.299 0.328 0.399 0.461 0.053 0.038 0.065 0.04 0.194 0.323 0.36 0.421 0.333 0.3 0.195 0.049 0.287 0.075 0.413 0.432 0.174 0.492 0.171 0.274 
0.474 0.01 0.384 0.373 0.141 0.272 0.185 0.251 0.296 0.113 0.442 0.145 0.243 0.455 0.222 0.011 0.166 0.302 0.003 0.156 0.136 0.232 0.053 0.479 0.499 0.263 0.019 0.391 0.018 0.062 0.319 0.475 0.087 0.479 0.476 
0.076 0.261 0.255 0.389 0.336 0.257 0.164 0.164 0.145 0.026 0.217 0.299 0.361 0.393 0.174 0.147 0.261 0.019 0.446 0.451 0.21 0.459 0.034 0.483 0.12 0.271 0.385 0.445 0.136 0.348 0.395 0.261 0.43 0.277 0.146 
0.36 0.088 0.383 0.148 0.08 0.166 0.222 0.231 0.402 0.281 0.048 0.49 0.098 0.444 0.206 0.213 0.14 0.002 0.263 0.412 0.37 0.44 0.48 0.457 0.437 0.393 0.355 0.306 0.119 0.376 0.246 0.046 0.311 0.149 0.275 
0.38 0.229 0.166 0.065 0.076 0.235 0.098 0.322 0.404 0.132 0.119 0.206 0.133 0.243 0.059 0.399 0.166 0.038 0.097 0.434 0.059 0.278 0.408 0.465 0.362 0.035 0.201 0.294 0.255 0.26 0.452 0.315 0.098 0.47 0.209 
0.228 0.015 0.201 0.337 0.325 0.127 0.09 0.132 0.437 0.396 0.446 0.304 0.111 0.257 0.118 0.329 0.041 0.288 0.055 0.015 0.464 0.111 0.018 0.067 0.368 0.335 0.271 0.183 0.158 0.402 0.124 0.149 0.355 0.286 0.493 
0.293 0.28 0.142 0.004 0.056 0.283 0.321 0.261 0.443 0.274 0.427 0.316 0.457 0.107 0.097 0.25 0.344 0.113 0.28 0.328 0.425 0.411 0.496 0.388 0.039 0.391 0.113 0.298 0.217 0.172 0.019 0.181 0.018 0.322 0.496 
0.241 0.279 0.058 0.436 0.186 0.056 0.133 0.044 0.357 0.235 0.061 0.282 0.011 0.396 0.005 0.462 0.244 0.117 0.006 0.277 0.385 0.257 0.125 0.21 0.218 0.209 0.149 0.497 0.222 0.149 0.281 0.075 0.468 0.08 0.364 
0.08 0.055 0.135 0.262 0.458 0.494 0.293 0.45 0.442 0.254 0.41 0.099 0.443 0.279 0.381 0.095 0.082 0.281 0.056 0.202 0.371 0.351 0.38 0.469 0.192 0.385 0.112 0.26 0.276 0.384 0.396 0.372 0.489 0.376 0.281 
0.363 0.105 0.293 0.192 0.369 0.436 0.274 0.068 0.247 0.233 0.008 0.053 0.156 0.177 0.141 0.195 0.42 0.168 0.383 0.061 0.444 0.438 0.157 0.404 0.26 0.294 0.47 0.255 0.342 0.461 0.103 0.171 0.239 0.07 0.364 
0.385 0.21 0.345 0.234 0.316 0.179 0.186 0.197 0.39 0.061 0.445 0.345 0.456 0.474 0.398 0.124 0.3 0.414 0.034 0.24 0.283 0.046 0.393 0.384 0.186 0.317 0.131 0.451 0.445 0.442 0.276 0.295 0.449 0.276 0.131 
0.229 0.486 0.302 0.11 0.231 0.112 0.376 0.488 0.435 0.418 0.204 0.028 0.317 0.336 0.448 0.313 0.272 0.06 0.374 0.128 0.43 0.298 0.491 0.244 0.269 0.398 0.355 0.148 0.306 0.395 0.275 0.196 0.08 0.323 0.454 
0.162 0.101 0.057 0.349 0.133 0.424 0.402 0.073 0.336 0.207 0.237 0.066 0.058 0.226 0.147 0.417 0.468 0.381 0.321 0.272 0.287 0.239 0.136 0.165 0.092 0.337 0.234 0.095 0.247 0.331 0.043 0.297 0.287 0.374 0.097 
0.469 0.348 0.332 0.19 0.465 0.086 0.414 0.475 0.439 0.131 0.121 0.001 0.179 0.155 0.259 0.36 0.244 0.464 0.173 0.37 0.03 0.447 0.298 0.187 0.05 0.197 0.257 0.423 0.208 0.191 0.17 0.211 0.071 0.001 0.353 
0.221 0.27 0.014 0.061 0.414 0.179 0.496 0.383 0.076 0.29 0.435 0.359 0.31 0.197 0.24 0.004 0.28 0.083 0.035 0.446 0.042 0.162 0.259 0.042 0.007 0.096 0.002 0.452 0.214 0.48 0.023 0.039 0.322 0.193 0.054 
0.271 0.382 0.186 0.098 0.305 0.052 0.093 0.417 0.49 0.425 0.35 0.081 0.14 0.004 0.437 0.492 0.273 0.451 0.344 0.479 0.409 0.012 0.095 0.306 0.47 0.022 0.156 0.409 0.432 0.409 0.319 0.478 0.048 0.16 0.318 
0.412 0.111 0.329 0.101 0.432 0.286 0.051 0.102 0.028 0.261 0.037 0.245 0.115 0.189 0.287 0.239 0.321 0.356 0.207 0.174 0.182 0.064 0.214 0.17 0.146 0.445 0.086 0.239 0.049 0.209 0.388 0.217 0.435 0.451 0.116 
0.305 0.186 0.33 0.167 0.19 0.179 0.409 0.133 0.32 0.293 0.003 0.445 0.204 0.42 0.216 0.034 0.08 0.069 0.401 0.356 0.065 0.371 0.464 0.457 0.049 0.022 0.36 0.052 0.11 0.15 0.255 0.166 0.19 0.265 0.254 
0.452 0.095 0.262 0.19 0.309 0.207 0.479 0.293 0.193 0.232 0.078 0.4 0.394 0.075 0.1 0.379 0.302 0.33 0.152 0.402 0.131 0.014 0.113 0.124 0.213 0.181 0.205 0.218 0.312 0.206 0.465 0.389 0.283 0.162 0.061 
0.047 0.401 0.033 0.26 0.046 0.474 0.142 0.491 0.085 0.407 0.221 0.389 0.499 0.443 0.086 0.473 0.266 0.355 0.114 0.249 0.453 0.062 0.345 0.066 0.157 0.234 0.337 0.197 0.243 0.31 0.385 0.426 0.475 0.295 0.206 
0.219 0.191 0.145 0.43 0.445 0.241 0.491 0.158 0.494 0.449 0.437 0.074 0.197 0.493 0.137 0.184 0.374 0.474 0.458 0.007 0.425 0.463 0.117 0.207 0.02 0.23 0.304 0.207 0.257 0.423 0.377 0.423 0.463 0.197 0.204 
0.439 0.146 0.116 0.449 0.162 0.383 0.182 0.411 0.464 0.485 0.424 0.249 0.253 0.074 0.189 0.48 0.405 0.128 0.47 0.259 0.319 0.382 0.315 0.394 0.28 0.035 0.338 0.138 0.136 0.009 0.345 0.005 0.023 0.071 0.173 
0.322 0.369 0.447 0.363 0.077 0.175 0.094 0.011 0.28 0.423 0.373 0.245 0.056 0.144 0.476 0.148 0.195 0.309 0.086 0.37 0.38 0.487 0.172 0.238 0.468 0.313 0.228 0.3 0.148 0.248 0.226 0.248 0.339 0.161 0.441 
0.292 0.401 0.02 0.109 0.166 0.134 0.017 0.231 0.369 0.086 0.375 0.441 0.251 0.415 0.085 0.276 0.0 0.376 0.361 0.253 0.238 0.319 0.007 0.019 0.397 0.22 0.203 0.094 0.032 0.218 0.377 0.225 0.484 0.348 0.034 
0.139 0.287 0.482 0.301 0.305 0.04 0.34 0.095 0.262 0.257 0.428 0.155 0.485 0.45 0.095 0.162 0.452 0.252 0.082 0.367 0.139 0.098 0.223 0.031 0.491 0.354 0.256 0.263 0.347 0.233 0.265 0.126 0.395 0.068 0.493 
0.494 0.418 0.205 0.354 0.001 0.105 0.346 0.441 0.33 0.252 0.463 0.451 0.285 0.494 0.005 0.185 0.094 0.171 0.446 0.041 0.328 0.479 0.494 0.453 0.047 0.102 0.321 0.355 0.303 0.085 0.182 0.031 0.301 0.401 0.492 
0.308 0.101 0.411 0.246 0.436 0.174 0.066 0.424 0.288 0.311 0.279 0.171 0.39 0.471 0.479 0.134 0.269 0.318 0.341 0.496 0.323 0.059 0.076 0.1 0.031 0.162 0.269 0.447 0.136 0.084 0.18 0.131 0.324 0.387 0.38 
0.359 0.023 0.252 0.369 0.171 0.213 0.087 0.022 0.437 0.409 0.043 0.049 0.408 0.341 0.035 0.255 0.422 0.07 0.266 0.052 0.066 0.252 0.493 0.386 0.196 0.144 0.302 0.467 0.339 0.083 0.046 0.098 0.336 0.11 0.162 
0.453 0.494 0.316 0.351 0.075 0.448 0.239 0.005 0.415 0.471 0.09 0.2 0.284 0.178 0.002 0.125 0.271 0.472 0.119 0.243 0.363 0.062 0.019 0.319 0.027 0.222 0.094 0.347 0.401 0.428 0.227 0.403 0.482 0.213 0.442 
0.246 0.429 0.254 0.44 0.129 0.111 0.377 0.346 0.12 0.344 0.021 0.231 0.426 0.413 0.302 0.177 0.295 0.271 0.264 0.09 0.029 0.05 0.104 0.185 0.181 0.455 0.419 0.32 0.069 0.264 0.069 0.312 0.063 0.451 0.264 
0.399 0.37 0.159 0.494 0.358 0.378 0.438 0.187 0.147 0.287 0.363 0.488 0.032 0.416 0.354 0.156 0.302 0.402 0.261 0.298 0.432 0.076 0.081 0.163 0.135 0.025 0.456 0.123 0.099 0.254 0.075 0.486 0.481 0.403 0.133 
0.378 0.162 0.306 0.33 0.025 0.424 0.218 0.18 0.164 0.334 0.427 0.435 0.202 0.034 0.424 0.464 0.279 0.425 0.068 0.143 0.164 0.194 0.387 0.222 0.214 0.231 0.105 0.461 0.008 0.401 0.153 0.401 0.238 0.214 0.352 
0.178 0.231 0.224 0.099 0.461 0.021 0.482 0.078 0.109 0.424 0.144 0.449 0.323 0.202 0.384 0.065 0.26 0.056 0.272 0.298 0.403 0.491 0.081 0.435 0.204 0.38 0.009 0.274 0.405 0.25 0.296 0.197 0.195 0.33 0.426 
0.226 0.375 0.494 0.433 0.262 0.115 0.2 0.132 0.361 0.05 0.111 0.421 0.176 0.417 0.025 0.194 0.099 0.12 0.036 0.195 0.373 0.405 0.47 0.158 0.24 0.234 0.31 0.322 0.089 0.097 0.202 0.046 0.465 0.356 0.362 
0.457 0.144 0.161 0.094 0.237 0.192 0.48 0.443 0.12 0.089 0.106 0.198 0.323 0.323 0.181 0.479 0.277 0.217 0.289 0.362 0.483 0.137 0.248 0.492 0.126 0.031 0.207 0.274 0.077 0.3 0.258 0.407 0.279 0.457 0.173 
