0.039 0.055 0.23 0.233 0.196 0.206 0.087 0.283 0.348 0.396 0.415 0.349 0.158 0.183 0.209 0.21 0.434 0.3 0.109 0.401 0.469 0.327 0.052 0.279 0.248 0.218 0.156 0.002 0.372 0.012 0.124 0.041 0.271 0.162 0.087 
0.013 0.332 0.48 0.143 0.389 0.022 0.112 0.04 0.216 0.318 0.002 0.299 0.411 0.485 0.196 0.492 0.463 0.221 0.227 0.067 0.186 0.35 0.305 0.355 0.4 0.36 0.454 0.204 0.261 0.133 0.406 0.478 0.215 0.06 0.005 
0.374 0.032 0.256 0.191 0.177 0.404 0.249 0.03 0.225 0.495 0.051 0.057 0.496 0.38 0.208 0.461 0.265 0.259 0.369 0.414 0.241 0.076 0.306 0.219 0.289 0.297 0.356 0.227 0.048 0.178 0.336 0.099 0.042 0.134 0.306 
0.031 0.108 0.034 0.404 0.121 0.29 0.418 0.498 0.262 0.034 0.151 0.36 0.04 0.157 0.275 0.475 0.281 0.405 0.234 0.185 0.127 0.259 0.06 0.472 0.07 0.112 0.447 0.152 0.166 0.302 0.033 0.321 0.494 0.004 0.13 
0.253 0.372 0.291 0.348 0.161 0.462 0.19 0.313 0.093 0.338 0.297 0.427 0.334 0.23 0.046 0.411 0.036 0.078 0.062 0.439 0.447 0.246 0.435 0.483 0.344 0.003 0.222 0.025 0.416 0.317 0.24 0.373 0.405 0.366 0.184 
0.2 0.04 0.444 0.232 0.263 0.052 0.343 0.38 0.176 0.25 0.46 0.465 0.113 0.109 0.415 0.473 0.04 0.338 0.129 0.472 0.393 0.39 0.275 0.137 0.206 0.182 0.332 0.04 0.04 0.273 0.258 0.163 0.069 0.419 0.387 
0.43 0.147 0.157 0.081 0.123 0.095 0.251 0.334 0.377 0.451 0.265 0.129 0.417 0.115 0.299 0.034 0.236 0.014 0.234 0.366 0.315 0.297 0.19 0.231 0.316 0.033 0.0 0.452 0.449 0.293 0.331 0.459 0.397 0.124 0.489 
0.397 0.342 0.287 0.376 0.184 0.338 0.243 0.247 0.346 0.306 0.32 0.462 0.01 0.421 0.342 0.363 0.181 0.029 0.193 0.197 0.391 0.359 0.279 0.065 0.436 0.264 0.406 0.453 0.161 0.094 0.211 0.418 0.198 0.318 0.477 
0.34 0.142 0.005 0.186 0.266 0.029 0.203 0.169 0.263 0.156 0.167 0.492 0.094 0.094 0.471 0.187 0.183 0.096 0.393 0.402 0.236 0.413 0.373 0.144 0.208 0.467 0.371 0.2 0.394 0.405 0.245 0.175 0.177 0.499 0.405 
0.228 0.093 0.311 0.158 0.176 0.195 0.226 0.225 0.081 0.218 0.256 0.134 0.168 0.347 0.176 0.479 0.062 0.486 0.36 0.233 0.279 0.379 0.434 0.238 0.333 0.276 0.446 0.036 0.142 0.168 0.491 0.033 0.126 0.179 0.395 
0.447 0.083 0.075 0.244 0.39 0.125 0.434 0.047 0.278 0.483 0.216 0.217 0.201 0.362 0.048 0.084 0.304 0.261 0.154 0.022 0.049 0.3 0.442 0.233 0.101 0.195 0.416 0.469 0.018 0.365 0.49 0.342 0.268 0.242 0.277 
0.042 0.127 0.364 0.176 0.294 0.271 0.086 0.087 0.313 0.212 0.478 0.338 0.392 0.341 0.061 0.065 0.178 0.152 0.089 0.236 0.161 0.25 0.411 0.425 0.242 0.439 0.395 0.138 0.325 0.461 0.352 0.499 0.283 0.002 0.488 
0.271 0.162 0.047 0.108 0.27 0.208 0.01 0.444 0.09 0.102 0.475 0.202 0.407 0.438 0.141 0.157 0.046 0.491 0.124 0.255 0.175 0.21 0.149 0.281 0.477 0.412 0.144 0.064 0.498 0.07 0.019 0.043 0.367 0.209 0.047 
0.424 0.296 0.451 0.088 0.445 0.026 0.257 0.428 0.481 0.368 0.465 0.144 0.035 0.195 0.308 0.487 0.32 0.345 0.381 0.255 0.056 0.188 0.248 0.392 0.349 0.432 0.419 0.357 0.118 0.4 0.3 0.225 0.001 0.148 0.467 
0.259 0.04 0.411 0.294 0.106 0.427 0.388 0.481 0.003 0.402 0.078 0.429 0.404 0.199 0.175 0.315 0.153 0.313 0.497 0.096 0.433 0.073 0.216 0.058 0.03 0.346 0.29 0.021 0.477 0.476 0.041 0.144 0.481 0.149 0.374 
0.25 0.112 0.099 0.023 0.11 0.121 0.464 0.084 0.425 0.145 0.454 0.303 0.398 0.177 0.259 0.175 0.356 0.185 0.21 0.16 0.07 0.386 0.474 0.304 0.279 0.233 0.26 0.455 0.146 0.264 0.472 0.034 0.446 0.101 0.093 
0.114 0.018 0.386 0.436 0.162 0.133 0.43 0.455 0.062 0.347 0.216 0.353 0.201 0.065 0.26 0.225 0.371 0.349 0.078 0.44 0.443 0.327 0.379 0.016 0.201 0.199 0.123 0.411 0.208 0.2 0.246 0.367 0.407 0.173 0.186 
0.104 0.017 0.217 0.256 0.309 0.12 0.359 0.137 0.014 0.214 0.109 0.444 0.002 0.071 0.278 0.336 0.489 0.452 0.256 0.399 0.017 0.36 0.33 0.005 0.182 0.332 0.245 0.012 0.271 0.247 0.015 0.071 0.08 0.478 0.327 
0.304 0.149 0.384 0.054 0.306 0.223 0.442 0.051 0.162 0.225 0.002 0.164 0.484 0.49 0.43 0.125 0.468 0.128 0.249 0.052 0.149 0.017 0.192 0.468 0.425 0.062 0.018 0.292 0.158 0.077 0.032 0.011 0.129 0.166 0.186 
0.35 0.379 0.434 0.376 0.313 0.058 0.352 0.133 0.146 0.403 0.182 0.333 0.251 0.458 0.413 0.331 0.139 0.368 0.004 0.315 0.324 0.274 0.31 0.359 0.297 0.459 0.02 0.17 0.119 0.441 0.292 0.429 0.173 0.299 0.347 
0.229 0.117 0.365 0.25 0.155 0.06 0.257 0.247 0.294 0.342 0.163 0.281 0.231 0.018 0.009 0.167 0.319 0.265 0.172 0.171 0.159 0.311 0.121 0.251 0.189 0.41 0.272 0.424 0.146 0.497 0.346 0.342 0.31 0.325 0.13 
0.119 0.078 0.459 0.408 0.051 0.345 0.154 0.465 0.031 0.442 0.409 0.355 0.432 0.332 0.072 0.464 0.011 0.474 0.24 0.143 0.016 0.097 0.145 0.421 0.242 0.492 0.37 0.219 0.033 0.395 0.259 0.137 0.498 0.369 0.031 
0.04 0.126 0.326 0.381 0.233 0.191 0.168 0.142 0.29 0.078 0.224 0.056 0.062 0.304 0.308 0.18 0.187 0.201 0.154 0.259 0.085 0.178 0.458 0.37 0.213 0.29 0.196 0.359 0.127 0.167 0.44 0.239 0.39 0.055 0.411 
0.263 0.07 0.215 0.327 0.086 0.447 0.254 0.4 0.351 0.162 0.029 0.42 0.198 0.165 0.287 0.002 0.115 0.154 0.378 0.008 0.204 0.384 0.384 0.187 0.106 0.234 0.459 0.354 0.005 0.428 0.396 0.071 0.328 0.108 0.445 
0.143 0.173 0.201 0.36 0.369 0.452 0.331 0.155 0.145 0.391 0.197 0.295 0.116 0.037 0.295 0.458 0.006 0.039 0.353 0.07 0.484 0.213 0.384 0.373 0.149 0.093 0.037 0.441 0.305 0.196 0.469 0.103 0.276 0.094 0.207 
0.183 0.007 0.013 0.104 0.454 0.412 0.351 0.076 0.131 0.413 0.462 0.064 0.309 0.323 0.278 0.348 0.173 0.371 0.487 0.333 0.011 0.398 0.475 0.252 0.187 0.278 0.293 0.12 0.009 0.185 0.393 0.068 0.214 0.37 0.25 
0.474 0.117 0.333 0.314 0.02 0.326 0.488 0.364 0.418 0.274 0.43 0.217 0.203 0.29 0.257 0.076 0.133 0.313 0.248 0.28 0.24 0.101 0.273 0.359 0.065 0.482 0.414 0.198 0.141 0.012 0.128 0.032 0.194 0.161 0.181 
0.107 0.448 0.011 0.186 0.313 0.004 0.489 0.376 0.399 0.262 0.388 0.337 0.36 0.358 0.041 0.462 0.377 0.346 0.119 0.334 0.124 0.046 0.228 0.354 0.449 0.419 0.066 0.184 0.368 0.306 0.259 0.155 0.415 0.457 0.378 
0.486 0.174 0.082 0.493 0.479 0.237 0.379 0.286 0.187 0.09 0.403 0.259 0.382 0.118 0.039 0.378 0.478 0.322 0.247 0.475 0.333 0.236 0.297 0.161 0.438 0.388 0.158 0.138 0.051 0.308 0.441 0.356 0.427 0.409 0.285 
0.232 0.173 0.402 0.123 0.319 0.02 0.44 0.055 0.032 0.494 0.14 0.105 0.276 0.183 0.057 0.107 0.372 0.064 0.255 0.118 0.193 0.04 0.1 0.388 0.409 0.259 0.072 0.405 0.354 0.077 0.327 0.05 0.207 0.18 0.036 
0.331 0.053 0.108 0.242 0.437 0.066 0.221 0.257 0.063 0.23 0.269 0.092 0.051 0.045 0.3 0.071 0.211 0.356 0.06 0.446 0.016 0.224 0.338 0.35 0.265 0.413 0.349 0.175 0.486 0.357 0.102 0.284 0.357 0.183 0.397 
0.179 0.161 0.443 0.491 0.259 0.417 0.439 0.468 0.477 0.312 0.281 0.34 0.357 0.074 0.379 0.447 0.151 0.2 0.349 0.417 0.363 0.328 0.101 0.34 0.363 0.106 0.497 0.212 0.404 0.292 0.201 0.003 0.041 0.272 0.187 
0.199 0.074 0.326 0.081 0.115 0.438 0.128 0.205 0.093 0.495 0.414 0.431 0.389 0.3 0.099 0.026 0.15 0.206 0.296 0.03 0.26 0.118 0.346 0.316 0.0 0.231 0.393 0.447 0.036 0.421 0.145 0.066 0.028 0.086 0.467 
0.19 0.407 0.146 0.004 0.098 0.352 0.392 0.114 0.409 0.229 0.18 0.41 0.434 0.228 0.31 0.111 0.487 0.452 0.263 0.447 0.23 0.245 0.359 0.425 0.104 0.472 0.332 0.157 0.059 0.223 0.079 0.214 0.344 0.262 0.401 
0.164 0.314 0.095 0.064 0.267 0.236 0.161 0.464 0.256 0.127 0.398 0.362 0.464 0.159 0.031 0.156 0.359 0.495 0.312 0.239 0.498 0.307 0.254 0.227 0.444 0.045 0.39 0.023 0.074 0.053 0.143 0.09 0.246 0.38 0.373 
0.448 0.346 0.009 0.284 0.231 0.452 0.133 0.321 0.12 0.025 0.345 0.429 0.452 0.073 0.096 0.046 0.168 0.201 0.25 0.097 0.479 0.341 0.236 0.152 0.296 0.133 0.307 0.403 0.049 0.415 0.374 0.341 0.189 0.418 0.02 
0.071 0.011 0.251 0.155 0.203 0.049 0.233 0.024 0.47 0.322 0.363 0.135 0.26 0.14 0.054 0.433 0.149 0.306 0.033 0.256 0.11 0.449 0.063 0.363 0.208 0.252 0.121 0.002 0.1 0.129 0.052 0.241 0.389 0.344 0.302 
0.152 0.478 0.375 0.473 0.095 0.306 0.046 0.126 0.006 0.046 0.181 0.407 0.262 0.071 0.493 0.476 0.168 0.415 0.229 0.45 0.44 0.431 0.143 0.104 0.001 0.339 0.002 0.485 0.071 0.331 0.456 0.051 0.44 0.028 0.044 
0.119 0.228 0.217 0.052 0.461 0.306 0.204 0.046 0.392 0.462 0.362 0.068 0.485 0.451 0.112 0.475 0.236 0.359 0.179 0.347 0.475 0.265 0.335 0.389 0.248 0.016 0.498 0.301 0.204 0.018 0.092 0.108 0.072 0.132 0.375 
0.323 0.32 0.123 0.103 0.161 0.165 0.37 0.446 0.356 0.192 0.447 0.449 0.228 0.273 0.487 0.36 0.366 0.258 0.193 0.12 0.377 0.483 0.442 0.129 0.061 0.146 0.006 0.131 0.087 0.187 0.042 0.432 0.14 0.11 0.0 
0.377 0.1 0.175 0.263 0.273 0.353 0.244 0.195 0.186 0.174 0.19 0.294 0.19 0.104 0.427 0.21 0.234 0.419 0.354 0.368 0.217 0.16 0.436 0.441 0.115 0.483 0.118 0.478 0.193 0.443 0.225 0.021 0.43 0.112 0.463 
0.258 0.24 0.003 0.209 0.192 0.33 0.444 0.171 0.052 0.292 0.385 0.267 0.373 0.092 0.476 0.356 0.36 0.021 0.196 0.284 0.307 0.354 0.444 0.059 0.484 0.108 0.338 0.395 0.494 0.166 0.339 0.212 0.292 0.401 0.474 
0.301 0.055 0.213 0.421 0.195 0.429 0.105 0.028 0.311 0.113 0.315 0.232 0.441 0.163 0.146 0.283 0.166 0.124 0.18 0.469 0.195 0.018 0.433 0.11 0.112 0.325 0.356 0.226 0.047 0.131 0.289 0.296 0.363 0.115 0.312 
0.174 0.079 0.153 0.097 0.408 0.26 0.445 0.264 0.219 0.145 0.083 0.148 0.068 0.24 0.27 0.211 0.246 0.021 0.009 0.304 0.137 0.413 0.479 0.418 0.397 0.206 0.298 0.252 0.374 0.243 0.307 0.037 0.035 0.273 0.164 
0.446 0.092 0.182 0.412 0.319 0.245 0.276 0.238 0.268 0.219 0.477 0.018 0.469 0.215 0.321 0.416 0.099 0.431 0.292 0.469 0.457 0.131 0.172 0.328 0.104 0.058 0.012 0.36 0.12 0.006 0.277 0.203 0.443 0.313 0.146 
0.05 0.433 0.38 0.082 0.299 0.21 0.156 0.193 0.397 0.347 0.439 0.477 0.313 0.46 0.268 0.231 0.409 0.451 0.09 0.45 0.457 0.006 0.408 0.04 0.419 0.101 0.061 0.378 0.232 0.443 0.402 0.453 0.235 0.338 0.296 
0.21 0.485 0.468 0.469 0.356 0.054 0.256 0.136 0.095 0.002 0.328 0.123 0.484 0.105 0.138 0.492 0.102 0.208 0.493 0.071 0.283 0.027 0.074 0.172 0.049 0.108 0.19 0.037 0.431 0.41 0.059 0.105 0.498 0.163 0.317 
0.153 0.174 0.099 0.037 0.284 0.335 0.037 0.485 0.015 0.34 0.082 0.415 0.437 0.005 0.454 0.085 0.205 0.469 0.205 0.317 0.355 0.412 0.331 0.059 0.349 0.047 0.406 0.083 0.125 0.279 0.126 0.102 0.338 0.11 0.464 
0.195 0.119 0.481 0.081 0.163 0.129 0.099 0.077 0.189 0.196 0.099 0.304 0.066 0.09 0.045 0.457 0.313 0.29 0.177 0.152 0.279 0.128 0.151 0.031 0.211 0.227 0.337 0.161 0.028 0.293 0.094 0.142 0.24 0.48 0.28 
0.064 0.21 0.137 0.322 0.359 0.474 0.265 0.141 0.259 0.126 0.229 0.085 0.169 0.422 0.451 0.419 0.49 0.098 0.066 0.305 0.236 0.141 0.092 0.163 0.112 0.378 0.093 0.156 0.126 0.281 0.452 0.35 0.276 0.44 0.152 
0.296 0.489 0.379 0.056 0.379 0.173 0.021 0.096 0.446 0.497 0.017 0.458 0.136 0.284 0.092 0.441 0.495 0.08 0.123 0.398 0.381 0.338 0.015 0.101 0.489 0.462 0.231 0.084 0.377 0.258 0.229 0.102 0.465 0.346 0.08 
0.074 0.29 0.048 0.295 0.124 0.424 0.373 0.237 0.349 0.458 0.243 0.221 0.31 0.131 0.157 0.439 0.348 0.112 0.22 0.272 0.445 0.015 0.149 0.041 0.321 0.429 0.325 0.14 0.036 0.16 0.012 0.005 0.345 0.476 0.11 
0.335 0.078 0.023 0.315 0.117 0.21 0.463 0.097 0.342 0.29 0.408 0.3 0.498 0.347 0.356 0.165 0.227 0.343 0.401 0.323 0.386 0.141 0.171 0.3 0.072 0.497 0.188 0.055 0.487 0.216 0.187 0.257 0.187 0.016 0.164 
0.081 0.204 0.331 0.341 0.115 0.454 0.166 0.075 0.04 0.022 0.075 0.454 0.296 0.462 0.424 0.129 0.384 0.105 0.307 0.213 0.457 0.407 0.351 0.441 0.221 0.075 0.296 0.259 0.352 0.073 0.244 0.147 0.076 0.119 0.426 
0.044 0.225 0.133 0.072 0.334 0.085 0.481 0.04 0.353 0.208 0.414 0.299 0.152 0.297 0.134 0.302 0.004 0.06 0.402 0.382 0.416 0.068 0.19 0.164 0.127 0.258 0.251 0.316 0.424 0.035 0.039 0.067 0.108 0.117 0.288 
0.242 0.288 0.148 0.329 0.408 0.044 0.323 0.363 0.312 0.264 0.009 0.09 0.443 0.362 0.315 0.084 0.219 0.17 0.024 0.426 0.415 0.126 0.115 0.36 0.293 0.373 0.254 0.137 0.449 0.328 0.484 0.493 0.132 0.462 0.127 
0.236 0.491 0.323 0.147 0.008 0.438 0.251 0.38 0.011 0.252 0.312 0.088 0.063 0.462 0.155 0.407 0.33 0.382 0.166 0.35 0.465 0.259 0.499 0.246 0.486 0.134 0.151 0.168 0.009 0.257 0.058 0.09 0.009 0.269 0.19 
0.358 0.123 0.391 0.308 0.358 0.337 0.304 0.396 0.26 0.346 0.382 0.335 0.003 0.212 0.41 0.31 0.341 0.178 0.079 0.298 0.127 0.338 0.226 0.086 0.058 0.084 0.137 0.204 0.413 0.095 0.476 0.434 0.348 0.235 0.273 
0.213 0.353 0.251 0.434 0.144 0.338 0.293 0.315 0.04 0.175 0.343 0.048 0.423 0.397 0.228 0.005 0.162 0.157 0.138 0.179 0.387 0.014 0.297 0.376 0.168 0.172 0.215 0.006 0.344 0.264 0.494 0.16 0.018 0.412 0.254 
0.419 0.182 0.323 0.037 0.392 0.0 0.377 0.114 0.127 0.182 0.114 0.332 0.106 0.422 0.138 0.056 0.193 0.138 0.149 0.274 0.325 0.46 0.07 0.298 0.287 0.102 0.262 0.434 0.056 0.078 0.228 0.492 0.341 0.001 0.15 
