0.5429999999999999 0.589 0.464 0.34700000000000003 0.679 0.7170000000000001 0.674 0.682 0.521 0.32599999999999996 0.5229999999999999 0.41400000000000003 0.815 0.407 0.681 0.337 0.23800000000000004 0.599 0.402 0.5409999999999999 0.28700000000000003 0.25300000000000006 0.587 0.582 0.543 0.502 0.552 0.7110000000000001 0.616 0.9329999999999999 0.598 0.858 0.602 0.835 0.43400000000000005 
0.679 0.30799999999999994 0.393 0.44 0.197 0.52 0.573 0.814 0.42500000000000004 0.5329999999999999 0.5489999999999999 0.36800000000000005 0.493 0.483 0.778 0.15800000000000003 0.35999999999999993 0.437 0.609 0.881 0.646 0.507 0.2870000000000001 0.41800000000000004 0.409 0.22700000000000004 0.21900000000000003 0.762 0.408 0.792 0.363 0.125 0.43100000000000005 0.579 0.907 
0.315 0.856 0.27599999999999997 0.7729999999999999 0.688 0.25699999999999995 0.497 0.8029999999999999 0.648 0.432 0.6139999999999999 0.49199999999999994 0.03400000000000003 0.605 0.456 0.05499999999999994 0.434 0.414 0.298 0.4070000000000001 0.38 0.646 0.27099999999999996 0.34600000000000003 0.3630000000000001 0.44800000000000006 0.404 0.667 0.694 0.44500000000000006 0.16599999999999993 0.441 0.578 0.453 0.573 
0.48 0.8280000000000001 0.688 0.489 0.698 0.577 0.15700000000000008 0.311 0.644 0.8039999999999999 0.45999999999999996 0.612 0.7609999999999999 0.344 0.364 0.42600000000000005 0.585 0.357 0.7050000000000001 0.39399999999999996 0.663 0.6849999999999999 0.4769999999999999 0.21600000000000003 0.825 0.861 0.24899999999999994 0.429 0.46199999999999997 0.606 0.739 0.44000000000000006 0.068 0.986 0.40599999999999997 
0.52 0.40700000000000003 0.31300000000000006 0.17900000000000005 0.502 0.518 0.683 0.48900000000000005 0.53 0.17199999999999993 0.36300000000000004 0.48 0.37999999999999995 0.40900000000000003 0.756 0.572 0.5009999999999999 0.8 0.864 0.10899999999999993 0.4719999999999999 0.419 0.2869999999999999 0.191 0.48000000000000004 0.683 0.41500000000000004 0.619 0.4980000000000001 0.554 0.528 0.372 0.247 0.451 0.528 
0.7000000000000001 0.942 0.30200000000000005 0.716 0.486 0.9209999999999999 0.612 0.20600000000000002 0.36700000000000005 0.415 0.35100000000000003 0.1329999999999999 0.546 0.5740000000000001 0.576 0.391 0.6359999999999999 0.5279999999999999 0.664 0.040000000000000036 0.20299999999999996 0.392 0.422 0.611 0.7350000000000001 0.686 0.599 0.583 0.635 0.358 0.58 0.71 0.45600000000000007 0.5469999999999999 0.23099999999999998 
0.42600000000000005 0.635 0.7939999999999999 0.7080000000000001 0.758 0.467 0.716 0.23199999999999993 0.202 0.4699999999999999 0.505 0.6819999999999999 0.4159999999999999 0.626 0.26500000000000007 0.86 0.682 0.819 0.708 0.22799999999999998 0.48800000000000004 0.5970000000000001 0.35300000000000004 0.7030000000000001 0.5189999999999999 0.5089999999999999 0.961 0.17200000000000004 0.5299999999999999 0.5150000000000001 0.31300000000000006 0.43599999999999994 0.577 0.525 0.361 
0.184 0.3429999999999999 0.5970000000000001 0.403 0.81 0.2899999999999999 0.603 0.69 0.609 0.26299999999999996 0.32099999999999995 0.455 0.546 0.41999999999999993 0.3919999999999999 0.489 0.44299999999999995 0.6859999999999999 0.43999999999999995 0.7709999999999999 0.433 0.327 0.40399999999999997 0.44100000000000006 0.43400000000000005 0.694 0.43399999999999994 0.15799999999999992 0.37599999999999995 0.6000000000000001 0.547 0.17800000000000005 0.544 0.575 0.07200000000000001 
0.6049999999999999 0.699 0.957 0.48700000000000004 0.498 0.749 0.7389999999999999 0.36499999999999994 0.294 0.587 0.596 0.30300000000000005 0.66 0.524 0.393 0.33899999999999997 0.38199999999999995 0.468 0.14199999999999996 0.365 0.337 0.5489999999999999 0.403 0.595 0.522 0.24199999999999994 0.304 0.35300000000000004 0.193 0.528 0.365 0.6299999999999999 0.33199999999999996 0.38 0.44499999999999995 
0.589 0.583 0.5050000000000001 0.482 0.5990000000000001 0.36499999999999994 0.47000000000000003 0.41300000000000003 0.524 0.30900000000000005 0.513 0.488 0.36499999999999994 0.42800000000000005 0.6020000000000001 0.15400000000000003 0.705 0.30800000000000005 0.264 0.766 0.27899999999999997 0.325 0.396 0.501 0.48400000000000004 0.417 0.35600000000000004 0.502 0.849 0.589 0.14600000000000002 0.703 0.817 0.39699999999999996 0.5 
0.25999999999999995 0.5660000000000001 0.45200000000000007 0.56 0.491 0.73 0.25600000000000006 0.6819999999999999 0.293 0.437 0.6920000000000001 0.509 0.5579999999999999 0.251 0.701 0.656 0.25299999999999995 0.579 0.51 0.875 0.9069999999999999 0.37999999999999995 0.55 0.748 0.5900000000000001 0.718 0.52 0.28800000000000003 0.846 0.404 0.368 0.6149999999999999 0.598 0.488 0.692 
0.76 0.772 0.512 0.756 0.31599999999999995 0.318 0.767 0.675 0.42700000000000005 0.739 0.248 0.3929999999999999 0.11099999999999999 0.17600000000000005 0.4570000000000001 0.889 0.4760000000000001 0.636 0.48100000000000004 0.529 0.514 0.658 0.24899999999999994 0.567 0.52 0.5559999999999999 0.27299999999999996 0.5429999999999999 0.667 0.2019999999999999 0.255 0.28500000000000003 0.3560000000000001 0.645 0.335 
0.5449999999999999 0.692 0.9139999999999999 0.8 0.625 0.30100000000000005 0.598 0.21300000000000002 0.49500000000000005 0.766 0.322 0.686 0.591 0.42500000000000004 0.8099999999999999 0.39899999999999997 0.598 0.07300000000000001 0.848 0.344 0.594 0.49300000000000005 0.425 0.614 0.452 0.3500000000000001 0.847 0.7719999999999999 0.40800000000000003 0.821 0.941 0.8109999999999999 0.378 0.329 0.579 
0.18500000000000005 0.42899999999999994 0.5469999999999999 0.765 0.42899999999999994 0.687 0.512 0.13900000000000007 0.503 0.183 0.5129999999999999 0.694 0.895 0.4029999999999999 0.31199999999999994 0.125 0.26899999999999996 0.256 0.513 0.398 0.877 0.44300000000000006 0.466 0.123 0.651 0.545 0.33099999999999996 0.317 0.751 0.512 0.5379999999999999 0.659 0.597 0.765 0.10599999999999993 
0.33899999999999997 0.606 0.43499999999999994 0.25299999999999995 0.433 0.44499999999999995 0.439 0.252 0.6719999999999999 0.411 0.42700000000000005 0.356 0.22199999999999998 0.5169999999999999 0.7919999999999999 0.37000000000000005 0.417 0.671 0.261 0.781 0.2919999999999999 0.66 0.676 0.819 0.782 0.268 0.38699999999999996 0.6890000000000001 0.14700000000000002 0.513 0.831 0.489 0.21900000000000003 0.569 0.345 
0.535 0.523 0.528 0.602 0.72 0.779 0.07300000000000001 0.665 0.19899999999999995 0.792 0.465 0.2870000000000001 0.407 0.49799999999999994 0.375 0.345 0.15700000000000003 0.734 0.658 0.5469999999999999 0.5489999999999999 0.139 0.46900000000000003 0.27299999999999996 0.608 0.27 0.243 0.19399999999999995 0.438 0.347 0.029000000000000026 0.8009999999999999 0.18100000000000005 0.562 0.859 
0.849 0.704 0.15899999999999997 0.37100000000000005 0.6769999999999999 0.414 0.48800000000000004 0.29999999999999993 0.6569999999999999 0.376 0.643 0.251 0.708 0.45500000000000007 0.651 0.6950000000000001 0.573 0.621 0.906 0.10900000000000004 0.12699999999999995 0.45300000000000007 0.303 0.5509999999999999 0.593 0.596 0.378 0.5229999999999999 0.5960000000000001 0.39300000000000007 0.748 0.16999999999999998 0.44999999999999996 0.51 0.5900000000000001 
0.532 0.802 0.763 0.361 0.558 0.455 0.5650000000000001 0.446 0.599 0.5790000000000001 0.519 0.19100000000000006 0.743 0.898 0.5349999999999999 0.5189999999999999 0.395 0.513 0.657 0.45599999999999996 0.5149999999999999 0.41300000000000003 0.49699999999999994 0.536 0.49900000000000005 0.17499999999999993 0.5 0.964 0.33499999999999996 0.34500000000000003 0.9269999999999999 0.5030000000000001 0.8 0.324 0.45100000000000007 
0.583 0.433 0.443 0.702 0.6779999999999999 0.744 0.30200000000000005 0.7889999999999999 0.411 0.684 0.905 0.46299999999999997 0.352 0.44 0.43600000000000005 0.791 0.10100000000000003 0.612 0.5509999999999999 0.5309999999999999 0.353 0.683 0.798 0.48000000000000004 0.49699999999999994 0.7 0.6679999999999999 0.21599999999999997 0.711 0.538 0.732 0.6930000000000001 0.548 0.39299999999999996 0.5210000000000001 
0.41800000000000004 0.606 0.55 0.506 0.31200000000000006 0.44799999999999995 0.385 0.772 0.815 0.348 0.49100000000000005 0.48800000000000004 0.357 0.42500000000000004 0.15999999999999998 0.5810000000000001 0.544 0.556 0.844 0.49500000000000005 0.48399999999999993 0.365 0.26599999999999996 0.281 0.5740000000000001 0.23399999999999993 0.755 0.7889999999999999 0.83 0.22399999999999992 0.30199999999999994 0.12599999999999995 0.35999999999999993 0.6240000000000001 0.463 
0.397 0.604 0.498 0.342 0.356 0.7389999999999999 0.572 0.694 0.45199999999999996 0.4649999999999999 0.728 0.5189999999999999 0.683 0.9 0.606 0.6659999999999999 0.5850000000000001 0.6839999999999999 0.32900000000000007 0.483 0.701 0.562 0.653 0.28099999999999997 0.8089999999999999 0.2870000000000001 0.306 0.29600000000000004 0.824 0.16599999999999998 0.29900000000000004 0.3789999999999999 0.41999999999999993 0.4 0.79 
0.5569999999999999 0.455 0.32099999999999995 0.20900000000000007 0.875 0.21400000000000002 0.692 0.0809999999999999 0.776 0.4590000000000001 0.122 0.279 0.12000000000000005 0.2709999999999999 0.522 0.533 0.79 0.051000000000000045 0.548 0.74 0.7869999999999999 0.444 0.644 0.18899999999999995 0.665 0.305 0.515 0.555 0.861 0.398 0.599 0.372 0.367 0.42700000000000005 0.6259999999999999 
0.952 0.5800000000000001 0.48699999999999993 0.388 0.28200000000000003 0.5529999999999999 0.702 0.603 0.45999999999999996 0.65 0.772 0.861 0.5149999999999999 0.27399999999999997 0.27599999999999997 0.38100000000000006 0.6659999999999999 0.3509999999999999 0.44599999999999995 0.44 0.49900000000000005 0.6010000000000001 0.48000000000000004 0.177 0.43200000000000005 0.25699999999999995 0.42200000000000004 0.499 0.748 0.764 0.19500000000000006 0.539 0.174 0.706 0.291 
0.266 0.6809999999999999 0.593 0.5770000000000001 0.43800000000000006 0.17099999999999993 0.6779999999999999 0.306 0.269 0.352 0.5189999999999999 0.4020000000000001 0.562 0.49399999999999994 0.2250000000000001 0.556 0.419 0.38799999999999996 0.597 0.873 0.671 0.366 0.16099999999999998 0.38899999999999996 0.7090000000000001 0.366 0.2049999999999999 0.479 0.621 0.43300000000000005 0.22399999999999998 0.768 0.31499999999999995 0.772 0.3959999999999999 
0.435 0.34299999999999997 0.44399999999999995 0.405 0.336 0.15800000000000003 0.24300000000000005 0.6479999999999999 0.438 0.26599999999999996 0.514 0.37800000000000006 0.859 0.604 0.5700000000000001 0.3340000000000001 0.706 0.764 0.551 0.7959999999999999 0.40800000000000003 0.7020000000000001 0.416 0.448 0.764 0.876 0.7889999999999999 0.48999999999999994 0.4750000000000001 0.7080000000000001 0.399 0.405 0.36 0.7020000000000001 0.38100000000000006 
0.7719999999999999 0.507 0.6910000000000001 0.46 0.35400000000000004 0.1630000000000001 0.39 0.535 0.78 0.20099999999999996 0.22200000000000003 0.637 0.36300000000000004 0.278 0.26099999999999995 0.599 0.7889999999999999 0.5640000000000001 0.47300000000000003 0.47300000000000003 0.6659999999999999 0.242 0.10400000000000004 0.415 0.5129999999999999 0.5269999999999999 0.658 0.593 0.916 0.40199999999999997 0.175 0.758 0.29400000000000004 0.45899999999999996 0.476 
0.052000000000000046 0.873 0.28300000000000003 0.31299999999999994 0.839 0.4019999999999999 0.327 0.385 0.2860000000000001 0.613 0.12800000000000006 0.638 0.5539999999999999 0.25499999999999995 0.521 0.913 0.701 0.38500000000000006 0.749 0.564 0.624 0.667 0.6739999999999999 0.16200000000000003 0.43600000000000005 0.255 0.5670000000000001 0.41100000000000003 0.841 0.9259999999999999 0.5529999999999999 0.493 0.7190000000000001 0.36 0.34299999999999997 
0.8170000000000001 0.29100000000000004 0.734 0.42500000000000004 0.35100000000000003 0.739 0.347 0.45999999999999996 0.45599999999999996 0.712 0.395 0.36400000000000005 0.279 0.249 0.7849999999999999 0.391 0.362 0.635 0.435 0.2149999999999999 0.666 0.49499999999999994 0.738 0.16300000000000003 0.43099999999999994 0.30999999999999994 0.5489999999999999 0.37100000000000005 0.496 0.346 0.346 0.584 0.15499999999999997 0.2659999999999999 0.476 
0.15400000000000003 0.7380000000000001 0.535 0.359 0.441 0.597 0.399 0.483 0.4109999999999999 0.629 0.5489999999999999 0.251 0.52 0.438 0.755 0.40900000000000003 0.382 0.6759999999999999 0.49 0.11300000000000004 0.29700000000000004 0.324 0.2230000000000001 0.38199999999999995 0.12500000000000006 0.21899999999999997 0.487 0.556 0.83 0.31599999999999995 0.31299999999999994 0.598 0.26199999999999996 0.44199999999999995 0.44000000000000006 
0.388 0.598 0.43199999999999994 0.812 0.6050000000000001 0.745 0.4620000000000001 0.623 0.564 0.374 0.741 0.6890000000000001 0.591 0.574 0.8839999999999999 0.494 0.46199999999999997 0.8979999999999999 0.648 0.448 0.748 0.6819999999999999 0.49200000000000005 0.14699999999999996 0.22899999999999998 0.706 0.7270000000000001 0.301 0.391 0.663 0.22100000000000003 0.635 0.6950000000000001 0.3500000000000001 0.755 
0.44100000000000006 0.9319999999999999 0.6910000000000001 0.421 0.23799999999999993 0.8069999999999999 0.6890000000000001 0.611 0.5 0.374 0.285 0.6040000000000001 0.838 0.698 0.582 0.6000000000000001 0.748 0.35600000000000004 0.8849999999999999 0.539 0.52 0.665 0.6439999999999999 0.583 0.367 0.25199999999999995 0.38 0.6419999999999999 0.356 0.241 0.774 0.567 0.28800000000000003 0.5309999999999999 0.10999999999999999 
0.528 0.5589999999999999 0.4149999999999999 0.505 0.6849999999999999 0.3 0.23999999999999994 0.271 0.08000000000000002 0.4139999999999999 0.292 0.3439999999999999 0.186 0.8190000000000001 0.524 0.30299999999999994 0.505 0.687 0.371 0.25499999999999995 0.21200000000000002 0.26099999999999995 0.403 0.2719999999999999 0.598 0.503 0.39 0.49000000000000005 0.379 0.536 0.7799999999999999 0.8160000000000001 0.941 0.40599999999999997 0.31699999999999995 
0.5599999999999999 0.647 0.6159999999999999 0.48300000000000004 0.6990000000000001 0.506 0.739 0.751 0.55 0.27 0.5250000000000001 0.287 0.6 0.30399999999999994 0.896 0.512 0.606 0.677 0.698 0.693 0.355 0.625 0.529 0.474 0.782 0.56 0.45799999999999996 0.05599999999999994 0.742 0.42999999999999994 0.574 0.859 0.504 0.8340000000000001 0.16899999999999993 
0.7300000000000001 0.5379999999999999 0.719 0.734 0.444 0.15400000000000003 0.315 0.436 0.14899999999999997 0.517 0.4100000000000001 0.4910000000000001 0.12300000000000005 0.493 0.30899999999999994 0.794 0.431 0.267 0.6809999999999999 0.3509999999999999 0.399 0.404 0.261 0.10599999999999998 0.704 0.14300000000000002 0.5559999999999999 0.583 0.665 0.393 0.525 0.41400000000000003 0.16700000000000004 0.362 0.31799999999999995 
0.473 0.581 0.6120000000000001 0.744 0.364 0.328 0.565 0.468 0.497 0.64 0.594 0.585 0.38 0.6639999999999999 0.828 0.649 0.22100000000000003 0.33699999999999997 0.30499999999999994 0.7 0.057999999999999996 0.25500000000000006 0.589 0.369 0.29600000000000004 0.661 0.14 0.722 0.5840000000000001 0.48599999999999993 0.754 0.739 0.515 0.55 0.263 
0.16700000000000004 0.44400000000000006 0.646 0.482 0.453 0.36900000000000005 0.681 0.48200000000000004 0.49 0.9139999999999999 0.21000000000000002 0.22599999999999998 0.09200000000000003 0.45300000000000007 0.506 0.83 0.532 0.38499999999999995 0.716 0.663 0.23800000000000004 0.613 0.371 0.46399999999999997 0.518 0.55 0.562 0.14599999999999996 0.506 0.14299999999999996 0.35 0.36400000000000005 0.36199999999999993 0.30600000000000005 0.849 
0.7000000000000001 0.503 0.447 0.735 0.566 0.839 0.391 0.488 0.09500000000000003 0.25999999999999995 0.43300000000000005 0.837 0.423 0.524 0.49799999999999994 0.25399999999999995 0.579 0.6339999999999999 0.593 0.616 0.46 0.25299999999999995 0.44600000000000006 0.393 0.523 0.35 0.524 0.85 0.5940000000000001 0.476 0.6729999999999999 0.563 0.531 0.333 0.24399999999999994 
0.6859999999999999 0.42100000000000004 0.568 0.17800000000000005 0.772 0.26999999999999996 0.5519999999999999 0.801 0.6579999999999999 0.747 0.582 0.5269999999999999 0.6799999999999999 0.7030000000000001 0.36 0.10700000000000004 0.36399999999999993 0.20399999999999996 0.45 0.278 0.2730000000000001 0.32999999999999996 0.721 0.731 0.907 0.324 0.764 0.42000000000000004 0.682 0.338 0.501 0.6519999999999999 0.2730000000000001 0.598 0.859 
0.41200000000000003 0.42400000000000004 0.451 0.758 0.0739999999999999 0.608 0.38200000000000006 0.479 0.16899999999999998 0.40700000000000003 0.517 0.9309999999999999 0.336 0.3939999999999999 0.629 0.16500000000000004 0.52 0.177 0.6479999999999999 0.28300000000000003 0.495 0.288 0.36700000000000005 0.424 0.702 0.7869999999999999 0.245 0.2760000000000001 0.5880000000000001 0.7909999999999999 0.738 0.681 0.8570000000000001 0.867 0.272 
0.45600000000000007 0.4099999999999999 0.863 0.8360000000000001 0.425 0.6559999999999999 0.134 0.17100000000000004 0.5680000000000001 0.518 0.11799999999999994 0.19199999999999995 0.462 0.53 0.273 0.636 0.354 0.659 0.7719999999999999 0.434 0.581 0.355 0.29900000000000004 0.829 0.932 0.758 0.992 0.417 0.6990000000000001 0.33299999999999996 0.9349999999999999 0.529 0.538 0.6970000000000001 0.946 
0.352 0.518 0.639 0.639 0.422 0.595 0.663 0.38799999999999996 0.32400000000000007 0.4010000000000001 0.4600000000000001 0.625 0.67 0.892 0.13599999999999995 0.29800000000000004 0.493 0.12999999999999995 0.30200000000000005 0.15300000000000002 0.37400000000000005 0.828 0.4690000000000001 0.25299999999999995 0.41500000000000004 0.495 0.726 0.11300000000000004 0.37499999999999994 0.14799999999999996 0.456 0.501 0.522 0.728 0.21899999999999992 
0.33 0.649 0.6679999999999999 0.6900000000000001 0.37600000000000006 0.38399999999999995 0.505 0.727 0.9199999999999999 0.44699999999999995 0.578 0.488 0.512 0.7190000000000001 0.23700000000000004 0.405 0.319 0.623 0.5970000000000001 0.542 0.5110000000000001 0.5820000000000001 0.3420000000000001 0.771 0.37 0.447 0.576 0.366 0.457 0.625 0.273 0.5710000000000001 0.27299999999999996 0.14799999999999996 0.41000000000000003 
0.3940000000000001 0.7589999999999999 0.457 0.4119999999999999 0.615 0.39199999999999996 0.48600000000000004 0.839 0.36900000000000005 0.5940000000000001 0.682 0.323 0.355 0.417 0.638 0.683 0.754 0.8069999999999999 0.41900000000000004 0.17500000000000004 0.74 0.611 0.10299999999999992 0.433 0.839 0.653 0.28400000000000003 0.722 0.843 0.719 0.45600000000000007 0.5379999999999999 0.447 0.62 0.43399999999999994 
0.37400000000000005 0.8260000000000001 0.585 0.7130000000000001 0.2830000000000001 0.533 0.07599999999999996 0.443 0.5880000000000001 0.623 0.8390000000000001 0.45199999999999996 0.5379999999999999 0.685 0.63 0.41000000000000003 0.452 0.649 0.839 0.29399999999999993 0.732 0.573 0.40800000000000003 0.4580000000000001 0.39 0.613 0.497 0.53 0.314 0.551 0.22800000000000004 0.574 0.6819999999999999 0.565 0.7749999999999999 
0.507 0.507 0.785 0.32800000000000007 0.635 0.281 0.582 0.271 0.647 0.37400000000000005 0.30200000000000005 0.593 0.03200000000000003 0.342 0.5930000000000001 0.1110000000000001 0.635 0.21399999999999997 0.594 0.28200000000000003 0.08999999999999991 0.8069999999999999 0.4830000000000001 0.6059999999999999 0.739 0.708 0.651 0.443 0.637 0.6839999999999999 0.33799999999999997 0.37099999999999994 0.08199999999999996 0.39200000000000007 0.648 
0.731 0.37599999999999995 0.475 0.48800000000000004 0.25600000000000006 0.549 0.353 0.6489999999999999 0.10899999999999999 0.20400000000000001 0.12399999999999994 0.449 0.49000000000000005 0.04700000000000004 0.595 0.585 0.21699999999999997 0.07499999999999996 0.452 0.543 0.11799999999999994 0.5309999999999999 0.4750000000000001 0.753 0.5609999999999999 0.669 0.635 0.41500000000000004 0.511 0.13399999999999995 0.22099999999999997 0.12399999999999994 0.302 0.4649999999999999 0.5 
0.35100000000000003 0.369 0.41600000000000004 0.08200000000000002 0.482 0.563 0.562 0.453 0.441 0.513 0.24799999999999994 0.628 0.263 0.8210000000000001 0.673 0.028000000000000025 0.493 0.664 0.03700000000000003 0.67 0.3980000000000001 0.591 0.611 0.43400000000000005 0.6709999999999999 0.857 0.47200000000000003 0.825 0.43299999999999994 0.5810000000000001 0.5960000000000001 0.89 0.479 0.766 0.51 
0.5249999999999999 0.4570000000000001 0.454 0.6 0.639 0.49000000000000005 0.869 0.504 0.705 0.23699999999999993 0.545 0.33999999999999997 0.5069999999999999 0.851 0.07000000000000006 0.767 0.6000000000000001 0.22200000000000003 0.7090000000000001 0.31300000000000006 0.265 0.10100000000000009 0.49700000000000005 0.7030000000000001 0.183 0.6399999999999999 0.366 0.617 0.727 0.473 0.648 0.65 0.3229999999999999 0.729 0.09500000000000003 
0.5129999999999999 0.48 0.499 0.81 0.6709999999999999 0.737 0.884 0.6920000000000001 0.44199999999999995 0.7180000000000001 0.526 0.25499999999999995 0.6829999999999999 0.49500000000000005 0.87 0.2669999999999999 0.687 0.33399999999999996 0.46199999999999997 0.595 0.483 0.5529999999999999 0.842 0.95 0.392 0.553 0.46 0.745 0.94 0.4890000000000001 0.529 0.633 0.276 0.17200000000000004 0.6859999999999999 
0.7969999999999999 0.5030000000000001 0.381 0.37699999999999995 0.336 0.48600000000000004 0.39499999999999996 0.764 0.479 0.617 0.343 0.76 0.346 0.12800000000000006 0.45399999999999996 0.41899999999999993 0.057999999999999996 0.65 0.852 0.32800000000000007 0.625 0.761 0.685 0.8059999999999999 0.397 0.268 0.651 0.581 0.527 0.486 0.28300000000000003 0.524 0.32899999999999996 0.49200000000000005 0.355 
0.20999999999999996 0.09300000000000003 0.41600000000000004 0.59 0.62 0.722 0.633 0.463 0.22400000000000003 0.251 0.52 0.09100000000000003 0.579 0.22199999999999998 0.903 0.37399999999999994 0.41100000000000003 0.749 0.431 0.5609999999999999 0.291 0.18299999999999994 0.491 0.446 0.464 0.43600000000000005 0.448 0.561 0.32 0.657 0.589 0.867 0.23399999999999993 0.253 0.42800000000000005 
0.6180000000000001 0.609 0.5409999999999999 0.4590000000000001 0.44 0.4020000000000001 0.5609999999999999 0.339 0.36300000000000004 0.23100000000000004 0.478 0.608 0.29999999999999993 0.398 0.364 0.42699999999999994 0.383 0.5700000000000001 0.439 0.23199999999999998 0.23199999999999993 0.9259999999999999 0.775 0.859 0.648 0.4089999999999999 0.406 0.413 0.828 0.756 0.808 0.864 0.331 0.137 0.51 
0.30600000000000005 0.899 0.725 0.31600000000000006 0.712 0.5770000000000001 0.44999999999999996 0.881 0.22099999999999992 0.301 0.549 0.6509999999999999 0.09400000000000003 0.312 0.609 0.58 0.35100000000000003 0.587 0.33299999999999996 0.625 0.548 0.607 0.33599999999999997 0.31399999999999995 0.732 0.359 0.51 0.4779999999999999 0.174 0.7010000000000001 0.7669999999999999 0.645 0.4769999999999999 0.874 0.6739999999999999 
0.466 0.30200000000000005 0.35300000000000004 0.30800000000000005 0.81 0.09800000000000003 0.595 0.92 0.5449999999999999 0.507 0.8350000000000001 0.34600000000000003 0.42 0.36000000000000004 0.5740000000000001 0.746 0.345 0.42300000000000004 0.5740000000000001 0.544 0.17999999999999994 0.5309999999999999 0.63 0.23999999999999994 0.752 0.7030000000000001 0.61 0.394 0.247 0.49900000000000005 0.529 0.44999999999999996 0.44200000000000006 0.668 0.13200000000000006 
0.71 0.34600000000000003 0.613 0.48800000000000004 0.5369999999999999 0.804 0.14200000000000002 0.614 0.527 0.44800000000000006 0.5650000000000001 0.4700000000000001 0.422 0.2900000000000001 0.5640000000000001 0.5209999999999999 0.7010000000000001 0.6689999999999999 0.33399999999999996 0.528 0.555 0.8819999999999999 0.7060000000000001 0.651 0.692 0.287 0.33 0.36399999999999993 0.5070000000000001 0.701 0.8919999999999999 0.621 0.829 0.432 0.44799999999999995 
0.359 0.34199999999999997 0.693 0.17700000000000005 0.2340000000000001 0.578 0.23900000000000005 0.45 0.5409999999999999 0.449 0.628 0.42200000000000004 0.5249999999999999 0.22200000000000003 0.33100000000000007 0.76 0.47900000000000004 0.42799999999999994 0.715 0.2760000000000001 0.15299999999999997 0.798 0.804 0.477 0.5720000000000001 0.602 0.29 0.74 0.45199999999999996 0.4179999999999999 0.441 0.02100000000000002 0.387 0.135 0.74 
0.386 0.347 0.37100000000000005 0.5229999999999999 0.967 0.13800000000000007 0.531 0.44 0.825 0.414 0.26099999999999995 0.47700000000000004 0.7350000000000001 0.504 0.421 0.12899999999999995 0.3909999999999999 0.193 0.766 0.507 0.3709999999999999 0.5469999999999999 0.11399999999999999 0.532 0.30000000000000004 0.635 0.744 0.37099999999999994 0.983 0.34199999999999997 0.7889999999999999 0.509 0.753 0.517 0.4580000000000001 
0.464 0.646 0.385 0.593 0.181 0.642 0.21399999999999997 0.526 0.631 0.23000000000000004 0.474 0.21600000000000003 0.6739999999999999 0.5860000000000001 0.20600000000000007 0.625 0.399 0.766 0.649 0.40399999999999997 0.47 0.17099999999999993 0.6930000000000001 0.47900000000000004 0.738 0.536 0.854 0.522 0.18199999999999994 0.655 0.22800000000000004 0.36900000000000005 0.457 0.435 0.301 
0.561 0.272 0.255 0.13300000000000006 0.594 0.5469999999999999 0.5070000000000001 0.553 0.599 0.7749999999999999 0.546 0.5309999999999999 0.40099999999999997 0.186 0.747 0.8009999999999999 0.739 0.723 0.826 0.6259999999999999 0.24 0.581 0.2330000000000001 0.46599999999999997 0.592 0.5940000000000001 0.47500000000000003 0.6719999999999999 0.5670000000000001 0.639 0.304 0.7939999999999999 0.5169999999999999 0.2320000000000001 0.384 
0.12399999999999994 0.674 0.516 0.869 0.371 0.808 0.14300000000000002 0.443 0.753 0.7290000000000001 0.78 0.4699999999999999 0.571 0.25500000000000006 0.681 0.46499999999999997 0.5299999999999999 0.645 0.562 0.364 0.19200000000000006 0.403 0.6819999999999999 0.20999999999999996 0.5870000000000001 0.867 0.531 0.29200000000000004 0.867 0.6220000000000001 0.514 0.10100000000000003 0.38 0.542 0.677 
