VNR

a
1.000000 0.000000
0.995342 -0.002729
0.976710 -0.013644
0.971741 -0.015988
0.971923 -0.016876
0.970850 -0.018968
b
0.000000 0.000000
0.000000 0.000000
0.000000 0.000000
0.000000 0.000000
0.000000 0.000000
0.000000 0.000000
c
0.000000 0.000000
0.000000 0.000000
0.000000 0.000000
0.000000 0.000000
0.000000 0.000000
0.000000 0.000000


INR

a
0.401105 -0.346693
0.401105 -0.346693
0.125075 -0.129259
0.150670 -0.114241
0.076146 -0.011197
b
0.000000 0.000000
0.000000 0.000000
0.000000 0.000000
0.000000 0.000000
0.000000 0.000000
c
0.000000 0.000000
0.000000 0.000000
0.000000 0.000000
0.000000 0.000000
0.000000 0.000000


STXNR

a
0.401105 0.346693
0.400183 0.343984
0.123925 0.124542
0.148719 0.109524
0.074197 0.009597
b
0.000000 0.000000
0.000000 0.000000
0.000000 0.000000
0.000000 0.000000
0.000000 0.000000
c
0.000000 0.000000
0.000000 0.000000
0.000000 0.000000
0.000000 0.000000
0.000000 0.000000


SRXNR

a
0.400183 0.343984
0.396494 0.333146
0.123607 0.123607
0.148367 0.108490
0.074139 0.009426
b
0.000000 0.000000
0.000000 0.000000
0.000000 0.000000
0.000000 0.000000
0.000000 0.000000
c
0.000000 0.000000
0.000000 0.000000
0.000000 0.000000
0.000000 0.000000
0.000000 0.000000


iNR

a
0.000000 0.000000
0.000000 0.000000
0.125362 -0.103194
0.125076 -0.129261
0.074524 -0.103045
0.076148 -0.011198
b
0.000000 0.000000
0.000000 0.000000
0.000000 0.000000
0.000000 0.000000
0.000000 0.000000
0.000000 0.000000
c
0.000000 0.000000
0.000000 0.000000
0.000000 0.000000
0.000000 0.000000
0.000000 0.000000
0.000000 0.000000


sNR

a
0.000000 0.000000
0.000000 0.000000
0.123850 0.099080
0.123608 0.123608
0.074171 0.098894
0.074140 0.009427
b
0.000000 0.000000
0.000000 0.000000
0.000000 0.000000
0.000000 0.000000
0.000000 0.000000
0.000000 0.000000
c
0.000000 0.000000
0.000000 0.000000
0.000000 0.000000
0.000000 0.000000
0.000000 0.000000
0.000000 0.000000
