VNR

a
1.000000 0.000000
0.988555 -0.012042
0.980982 -0.020101
0.973237 -0.028069
b
-0.500000 -0.866025
-0.508692 -0.838558
-0.514649 -0.820415
-0.520120 -0.801767
c
-0.500000 0.866025
-0.485180 0.864914
-0.475329 0.864217
-0.465391 0.863389


INR

a
1.511685 -0.420062
0.503082 -0.136780
1.008603 -0.283282
b
-1.685298 -1.202798
-0.554612 -0.404407
-1.130685 -0.798391
c
-0.209190 1.180064
-0.071791 0.392069
-0.137399 0.787995


STXNR

a
1.511685 0.420062
0.498971 0.129156
1.000471 0.267894
b
1.884302 0.858112
0.621246 0.259356
1.244668 0.542010
c
1.126561 0.408868
0.373938 0.128131
0.748211 0.263481


SRXNR

a
1.499442 0.397050
0.496264 0.124066
0.989561 0.247390
b
1.865914 0.801366
0.617212 0.246885
1.228216 0.491286
c
1.122149 0.391612
0.372957 0.124319
0.744291 0.248097


iNR

a
0.000000 0.000000
0.000000 0.000000
0.402466 -0.109424
0.806882 -0.226626
b
0.000000 0.000000
0.000000 0.000000
-0.443690 -0.323525
-0.904548 -0.638713
c
0.000000 0.000000
0.000000 0.000000
-0.057433 0.313655
-0.109920 0.630396


sNR

a
0.000000 0.000000
0.000000 0.000000
0.397011 0.099253
0.791649 0.197912
b
0.000000 0.000000
0.000000 0.000000
0.493770 0.197508
0.982573 0.393029
c
0.000000 0.000000
0.000000 0.000000
0.298366 0.099455
0.595433 0.198478
