VNR

a
1.000000 0.000000
0.996732 -0.004464
0.983659 -0.022320
0.980428 -0.023750
0.983511 -0.026741
0.982872 -0.028479
b
-0.500000 -0.866025
-0.500619 -0.867858
-0.503097 -0.875189
-0.504542 -0.874964
-0.501728 -0.878205
-0.502018 -0.879062
c
-0.500000 0.866025
-0.496601 0.862256
-0.483004 0.847180
-0.484087 0.846891
-0.476024 0.842047
-0.476314 0.841325


INR

a
0.536200 -0.396552
0.536200 -0.396552
0.099199 -0.083219
0.118971 -0.083892
0.060597 -0.001485
b
-0.115157 -0.044971
-0.115157 -0.044971
-0.038732 -0.010400
-0.001329 -0.002326
-0.000000 0.000000
c
0.072414 0.614626
0.072414 0.614626
-0.005038 0.008813
0.039374 0.303595
-0.000000 0.000000


STXNR

a
0.536200 0.396552
0.536217 0.392862
0.099436 0.079645
0.118899 0.079866
0.059638 -0.000160
b
0.096524 0.077243
0.096678 0.077426
0.028588 0.028666
0.002704 -0.000007
0.000000 0.000000
c
0.496074 0.370025
0.494004 0.367663
0.009900 -0.000011
0.238181 0.179995
-0.000000 0.000000


SRXNR

a
0.536217 0.392862
0.536288 0.378104
0.099234 0.079234
0.119253 0.079328
0.059601 -0.000266
b
0.096678 0.077426
0.097293 0.078159
0.028642 0.028642
0.002709 0.000000
0.000000 0.000000
c
0.494004 0.367663
0.485722 0.358214
0.009903 0.000000
0.236898 0.177673
-0.000000 0.000000


iNR

a
0.000000 0.000000
0.000000 0.000000
0.318029 -0.229440
0.099199 -0.083219
0.058374 -0.082407
0.060597 -0.001485
b
0.000000 0.000000
0.000000 0.000000
-0.075096 -0.032245
-0.038732 -0.010400
-0.001329 -0.002326
0.000000 0.000000
c
0.000000 0.000000
0.000000 0.000000
0.038078 0.302217
-0.005038 0.008813
0.039374 0.303595
0.000000 0.000000


sNR

a
0.000000 0.000000
0.000000 0.000000
0.317953 0.218593
0.099234 0.079234
0.059615 0.079487
0.059601 -0.000266
b
0.000000 0.000000
0.000000 0.000000
0.066001 0.049501
0.028642 0.028642
0.002709 0.000000
0.000000 0.000000
c
0.000000 0.000000
0.000000 0.000000
0.237641 0.178231
0.009903 0.000000
0.236898 0.177673
0.000000 0.000000
VNR

a
1.000000 0.000000
0.996759 -0.004900
0.983795 -0.024501
0.980541 -0.026370
0.983670 -0.028938
0.983027 -0.030674
b
-0.500000 -0.866025
-0.500563 -0.868795
-0.502813 -0.879875
-0.504309 -0.880585
-0.501394 -0.882940
-0.501686 -0.883796
c
-0.500000 0.866025
-0.496598 0.861908
-0.482992 0.845440
-0.484119 0.844804
-0.475986 0.840293
-0.476277 0.839571


INR

a
0.535217 -0.397741
0.535217 -0.397741
0.098966 -0.083475
0.118768 -0.084149
0.060585 -0.001624
b
-0.030616 -0.011920
-0.030616 -0.011920
-0.009707 -0.002637
-0.000182 -0.000320
0.000000 0.000000
c
0.071948 0.615286
0.071948 0.615286
-0.005053 0.008818
0.039152 0.303929
0.000000 0.000000


STXNR

a
0.535217 0.397741
0.535432 0.393829
0.099407 0.079698
0.118905 0.079876
0.059643 -0.000156
b
0.025631 0.020554
0.025681 0.020632
0.007201 0.007215
0.000373 -0.000001
-0.000000 0.000000
c
0.496880 0.369952
0.494591 0.367563
0.009896 -0.000013
0.238043 0.179896
0.000000 0.000000


SRXNR

a
0.535432 0.393829
0.536289 0.378183
0.099241 0.079241
0.119263 0.079338
0.059607 -0.000262
b
0.025681 0.020632
0.025882 0.020945
0.007218 0.007218
0.000373 0.000000
-0.000000 0.000000
c
0.494591 0.367563
0.485437 0.358006
0.009896 0.000000
0.236753 0.177565
0.000000 0.000000


iNR

a
0.000000 0.000000
0.000000 0.000000
0.317484 -0.230117
0.098966 -0.083475
0.058183 -0.082525
0.060585 -0.001624
b
0.000000 0.000000
0.000000 0.000000
-0.020727 -0.008963
-0.009707 -0.002637
-0.000182 -0.000320
0.000000 0.000000
c
0.000000 0.000000
0.000000 0.000000
0.037849 0.302540
-0.005053 0.008818
0.039152 0.303929
0.000000 0.000000


sNR

a
0.000000 0.000000
0.000000 0.000000
0.317977 0.218609
0.099241 0.079241
0.059621 0.079494
0.059607 -0.000262
b
0.000000 0.000000
0.000000 0.000000
0.018308 0.013731
0.007218 0.007218
0.000373 0.000000
0.000000 0.000000
c
0.000000 0.000000
0.000000 0.000000
0.237498 0.178124
0.009896 0.000000
0.236753 0.177565
0.000000 0.000000
VNR

a
1.000000 0.000000
0.996766 -0.005013
0.983831 -0.025066
0.980572 -0.027036
0.983710 -0.029504
0.983065 -0.031240
b
-0.500000 -0.866025
-0.500548 -0.869038
-0.502738 -0.881090
-0.504244 -0.882015
-0.501312 -0.884160
-0.501604 -0.885016
c
-0.500000 0.866025
-0.496598 0.861818
-0.482989 0.844989
-0.484126 0.844273
-0.475977 0.839841
-0.476269 0.839119


INR

a
0.534963 -0.398047
0.534963 -0.398047
0.098906 -0.083540
0.118715 -0.084215
0.060582 -0.001659
b
-0.008721 -0.003328
-0.008721 -0.003328
-0.003005 -0.000819
-0.000025 -0.000044
-0.000000 0.000000
c
0.071827 0.615457
0.071827 0.615457
-0.005057 0.008819
0.039094 0.304015
0.000000 0.000000


STXNR

a
0.534963 0.398047
0.535229 0.394078
0.099401 0.079710
0.118907 0.079878
0.059644 -0.000155
b
0.007243 0.005889
0.007258 0.005913
0.002232 0.002236
0.000051 -0.000000
0.000000 0.000000
c
0.497088 0.369933
0.494743 0.367537
0.009895 -0.000014
0.238007 0.179870
0.000000 0.000000


SRXNR

a
0.535229 0.394078
0.536291 0.378202
0.099243 0.079243
0.119266 0.079341
0.059608 -0.000261
b
0.007258 0.005913
0.007317 0.006011
0.002237 0.002237
0.000051 0.000000
0.000000 0.000000
c
0.494743 0.367537
0.485363 0.357952
0.009894 0.000000
0.236716 0.177537
0.000000 0.000000


iNR

a
0.000000 0.000000
0.000000 0.000000
0.317342 -0.230292
0.098906 -0.083540
0.058133 -0.082556
0.060582 -0.001659
b
0.000000 0.000000
0.000000 0.000000
-0.005692 -0.002466
-0.003005 -0.000819
-0.000025 -0.000044
0.000000 0.000000
c
0.000000 0.000000
0.000000 0.000000
0.037790 0.302623
-0.005057 0.008819
0.039094 0.304015
0.000000 0.000000


sNR

a
0.000000 0.000000
0.000000 0.000000
0.317983 0.218614
0.099243 0.079243
0.059622 0.079496
0.059608 -0.000261
b
0.000000 0.000000
0.000000 0.000000
0.005034 0.003775
0.002237 0.002237
0.000051 0.000000
0.000000 0.000000
c
0.000000 0.000000
0.000000 0.000000
0.237461 0.178096
0.009894 0.000000
0.236716 0.177537
0.000000 0.000000
VNR

a
1.000000 0.000000
0.996768 -0.005043
0.983841 -0.025216
0.980580 -0.027212
0.983720 -0.029655
0.983075 -0.031390
b
-0.500000 -0.866025
-0.500544 -0.869103
-0.502719 -0.881413
-0.504227 -0.882393
-0.501291 -0.884485
-0.501584 -0.885341
c
-0.500000 0.866025
-0.496598 0.861794
-0.482988 0.844869
-0.484127 0.844133
-0.475976 0.839721
-0.476268 0.838999


INR

a
0.534896 -0.398128
0.534896 -0.398128
0.098890 -0.083557
0.118701 -0.084233
0.060581 -0.001669
b
-0.002886 -0.001043
-0.002886 -0.001043
-0.001320 -0.000360
-0.000003 -0.000006
-0.000000 0.000000
c
0.071795 0.615503
0.071795 0.615503
-0.005058 0.008819
0.039079 0.304038
-0.000000 0.000000


STXNR

a
0.534896 0.398128
0.535175 0.394144
0.099399 0.079714
0.118907 0.079878
0.059644 -0.000155
b
0.002346 0.001978
0.002351 0.001986
0.000981 0.000982
0.000007 -0.000000
0.000000 0.000000
c
0.497144 0.369927
0.494784 0.367530
0.009894 -0.000014
0.237997 0.179863
-0.000000 0.000000


SRXNR

a
0.535175 0.394144
0.536292 0.378207
0.099244 0.079244
0.119267 0.079341
0.059608 -0.000261
b
0.002351 0.001986
0.002370 0.002019
0.000983 0.000983
0.000007 0.000000
0.000000 0.000000
c
0.494784 0.367530
0.485343 0.357938
0.009894 0.000000
0.236706 0.177530
-0.000000 0.000000


iNR

a
0.000000 0.000000
0.000000 0.000000
0.317304 -0.230338
0.098890 -0.083557
0.058120 -0.082564
0.060581 -0.001669
b
0.000000 0.000000
0.000000 0.000000
-0.001562 -0.000677
-0.001320 -0.000360
-0.000003 -0.000006
0.000000 0.000000
c
0.000000 0.000000
0.000000 0.000000
0.037774 0.302646
-0.005058 0.008819
0.039079 0.304038
0.000000 0.000000


sNR

a
0.000000 0.000000
0.000000 0.000000
0.317985 0.218615
0.099244 0.079244
0.059622 0.079496
0.059608 -0.000261
b
0.000000 0.000000
0.000000 0.000000
0.001382 0.001037
0.000983 0.000983
0.000007 0.000000
0.000000 0.000000
c
0.000000 0.000000
0.000000 0.000000
0.237451 0.178088
0.009894 0.000000
0.236706 0.177530
0.000000 0.000000
VNR

a
1.000000 0.000000
0.996769 -0.005053
0.983843 -0.025266
0.980582 -0.027272
0.983722 -0.029704
0.983077 -0.031439
b
-0.500000 -0.866025
-0.500543 -0.869124
-0.502714 -0.881519
-0.504223 -0.882521
-0.501286 -0.884590
-0.501578 -0.885446
c
-0.500000 0.866025
-0.496598 0.861786
-0.482988 0.844829
-0.484129 0.844085
-0.475976 0.839681
-0.476268 0.838960


INR

a
0.534874 -0.398155
0.534874 -0.398155
0.098885 -0.083563
0.118697 -0.084239
0.060581 -0.001672
b
-0.000973 -0.000324
-0.000973 -0.000324
-0.000614 -0.000167
-0.000000 -0.000001
-0.000000 0.000000
c
0.071784 0.615518
0.071784 0.615518
-0.005058 0.008820
0.039073 0.304045
-0.000000 0.000000


STXNR

a
0.534874 0.398155
0.535157 0.394166
0.099399 0.079715
0.118907 0.079879
0.059645 -0.000155
b
0.000767 0.000681
0.000768 0.000683
0.000456 0.000457
0.000001 -0.000000
0.000000 0.000000
c
0.497162 0.369925
0.494797 0.367527
0.009894 -0.000014
0.237994 0.179861
-0.000000 0.000000


SRXNR

a
0.535157 0.394166
0.536291 0.378208
0.099244 0.079244
0.119267 0.079342
0.059608 -0.000261
b
0.000768 0.000683
0.000774 0.000695
0.000457 0.000457
0.000001 0.000000
0.000000 0.000000
c
0.494797 0.367527
0.485336 0.357933
0.009893 0.000000
0.236703 0.177527
-0.000000 0.000000


iNR

a
0.000000 0.000000
0.000000 0.000000
0.317292 -0.230353
0.098885 -0.083563
0.058116 -0.082567
0.060581 -0.001672
b
0.000000 0.000000
0.000000 0.000000
-0.000359 -0.000156
-0.000614 -0.000167
-0.000000 -0.000001
0.000000 0.000000
c
0.000000 0.000000
0.000000 0.000000
0.037769 0.302653
-0.005058 0.008820
0.039073 0.304045
0.000000 0.000000


sNR

a
0.000000 0.000000
0.000000 0.000000
0.317985 0.218615
0.099244 0.079244
0.059622 0.079496
0.059608 -0.000261
b
0.000000 0.000000
0.000000 0.000000
0.000317 0.000238
0.000457 0.000457
0.000001 0.000000
0.000000 0.000000
c
0.000000 0.000000
0.000000 0.000000
0.237448 0.178086
0.009893 0.000000
0.236703 0.177527
0.000000 0.000000
VNR

a
1.000000 0.000000
0.996769 -0.005056
0.983843 -0.025282
0.980582 -0.027293
0.983722 -0.029720
0.983078 -0.031455
b
-0.500000 -0.866025
-0.500543 -0.869131
-0.502713 -0.881553
-0.504223 -0.882566
-0.501285 -0.884624
-0.501578 -0.885481
c
-0.500000 0.866025
-0.496598 0.861784
-0.482989 0.844817
-0.484129 0.844068
-0.475976 0.839669
-0.476268 0.838947


INR

a
0.534867 -0.398164
0.534867 -0.398164
0.098883 -0.083565
0.118695 -0.084240
0.060581 -0.001673
b
-0.000347 -0.000107
-0.000347 -0.000107
-0.000272 -0.000074
-0.000000 -0.000000
0.000000 0.000000
c
0.071780 0.615522
0.071780 0.615522
-0.005059 0.008820
0.039072 0.304048
0.000000 0.000000


STXNR

a
0.534867 0.398164
0.535152 0.394173
0.099398 0.079715
0.118907 0.079879
0.059645 -0.000155
b
0.000266 0.000247
0.000266 0.000248
0.000202 0.000202
0.000000 -0.000000
-0.000000 0.000000
c
0.497168 0.369925
0.494801 0.367526
0.009894 -0.000014
0.237993 0.179860
0.000000 0.000000


SRXNR

a
0.535152 0.394173
0.536291 0.378209
0.099244 0.079244
0.119267 0.079342
0.059608 -0.000261
b
0.000266 0.000248
0.000268 0.000252
0.000202 0.000202
0.000000 0.000000
-0.000000 0.000000
c
0.494801 0.367526
0.485334 0.357931
0.009893 0.000000
0.236702 0.177527
0.000000 0.000000


iNR

a
0.000000 0.000000
0.000000 0.000000
0.317288 -0.230358
0.098883 -0.083565
0.058114 -0.082568
0.060581 -0.001673
b
0.000000 0.000000
0.000000 0.000000
-0.000075 -0.000033
-0.000272 -0.000074
-0.000000 -0.000000
0.000000 0.000000
c
0.000000 0.000000
0.000000 0.000000
0.037767 0.302655
-0.005059 0.008820
0.039072 0.304048
0.000000 0.000000


sNR

a
0.000000 0.000000
0.000000 0.000000
0.317986 0.218615
0.099244 0.079244
0.059622 0.079496
0.059608 -0.000261
b
0.000000 0.000000
0.000000 0.000000
0.000066 0.000050
0.000202 0.000202
0.000000 0.000000
0.000000 0.000000
c
0.000000 0.000000
0.000000 0.000000
0.237447 0.178085
0.009893 0.000000
0.236702 0.177527
0.000000 0.000000
VNR

a
1.000000 0.000000
0.996769 -0.005057
0.983843 -0.025287
0.980582 -0.027301
0.983722 -0.029725
0.983078 -0.031460
b
-0.500000 -0.866025
-0.500543 -0.869133
-0.502713 -0.881565
-0.504224 -0.882583
-0.501285 -0.884636
-0.501578 -0.885492
c
-0.500000 0.866025
-0.496598 0.861783
-0.482989 0.844812
-0.484130 0.844062
-0.475976 0.839665
-0.476268 0.838943


INR

a
0.534864 -0.398167
0.534864 -0.398167
0.098883 -0.083566
0.118695 -0.084241
0.060581 -0.001673
b
-0.000131 -0.000038
-0.000131 -0.000038
-0.000118 -0.000032
-0.000000 -0.000000
-0.000000 0.000000
c
0.071779 0.615524
0.071779 0.615524
-0.005059 0.008820
0.039071 0.304048
-0.000000 0.000000


STXNR

a
0.534864 0.398167
0.535150 0.394176
0.099398 0.079716
0.118907 0.079879
0.059645 -0.000155
b
0.000098 0.000095
0.000099 0.000095
0.000088 0.000088
0.000000 -0.000000
0.000000 0.000000
c
0.497170 0.369924
0.494803 0.367526
0.009894 -0.000014
0.237993 0.179860
-0.000000 0.000000


SRXNR

a
0.535150 0.394176
0.536291 0.378209
0.099244 0.079244
0.119267 0.079342
0.059608 -0.000261
b
0.000099 0.000095
0.000099 0.000097
0.000088 0.000088
0.000000 0.000000
0.000000 0.000000
c
0.494803 0.367526
0.485334 0.357931
0.009893 0.000000
0.236702 0.177526
-0.000000 0.000000


iNR

a
0.000000 0.000000
0.000000 0.000000
0.317287 -0.230360
0.098883 -0.083566
0.058114 -0.082568
0.060581 -0.001673
b
0.000000 0.000000
0.000000 0.000000
-0.000013 -0.000006
-0.000118 -0.000032
-0.000000 -0.000000
0.000000 0.000000
c
0.000000 0.000000
0.000000 0.000000
0.037766 0.302656
-0.005059 0.008820
0.039071 0.304048
0.000000 0.000000


sNR

a
0.000000 0.000000
0.000000 0.000000
0.317986 0.218615
0.099244 0.079244
0.059622 0.079496
0.059608 -0.000261
b
0.000000 0.000000
0.000000 0.000000
0.000012 0.000009
0.000088 0.000088
0.000000 0.000000
0.000000 0.000000
c
0.000000 0.000000
0.000000 0.000000
0.237447 0.178085
0.009893 0.000000
0.236702 0.177526
0.000000 0.000000
VNR

a
1.000000 0.000000
0.996769 -0.005058
0.983843 -0.025289
0.980582 -0.027304
0.983722 -0.029727
0.983078 -0.031463
b
-0.500000 -0.866025
-0.500543 -0.869134
-0.502713 -0.881569
-0.504224 -0.882590
-0.501286 -0.884641
-0.501578 -0.885497
c
-0.500000 0.866025
-0.496598 0.861782
-0.482989 0.844811
-0.484130 0.844060
-0.475976 0.839663
-0.476268 0.838941


INR

a
0.534863 -0.398169
0.534863 -0.398169
0.098882 -0.083566
0.118695 -0.084241
0.060581 -0.001673
b
-0.000048 -0.000014
-0.000048 -0.000014
-0.000046 -0.000013
-0.000000 -0.000000
-0.000000 0.000000
c
0.071778 0.615524
0.071778 0.615524
-0.005059 0.008820
0.039071 0.304049
-0.000000 0.000000


STXNR

a
0.534863 0.398169
0.535149 0.394177
0.099398 0.079716
0.118907 0.079879
0.059645 -0.000155
b
0.000036 0.000035
0.000036 0.000035
0.000034 0.000034
0.000000 -0.000000
0.000000 0.000000
c
0.497171 0.369924
0.494803 0.367525
0.009894 -0.000014
0.237993 0.179860
-0.000000 0.000000


SRXNR

a
0.535149 0.394177
0.536291 0.378209
0.099244 0.079244
0.119267 0.079342
0.059608 -0.000261
b
0.000036 0.000035
0.000036 0.000036
0.000034 0.000034
0.000000 0.000000
0.000000 0.000000
c
0.494803 0.367525
0.485334 0.357931
0.009893 0.000000
0.236702 0.177526
-0.000000 0.000000


iNR

a
0.000000 0.000000
0.000000 0.000000
0.317286 -0.230361
0.098882 -0.083566
0.058114 -0.082568
0.060581 -0.001673
b
0.000000 0.000000
0.000000 0.000000
-0.000002 -0.000001
-0.000046 -0.000013
-0.000000 -0.000000
0.000000 0.000000
c
0.000000 0.000000
0.000000 0.000000
0.037766 0.302656
-0.005059 0.008820
0.039071 0.304049
0.000000 0.000000


sNR

a
0.000000 0.000000
0.000000 0.000000
0.317986 0.218615
0.099244 0.079244
0.059622 0.079496
0.059608 -0.000261
b
0.000000 0.000000
0.000000 0.000000
0.000002 0.000002
0.000034 0.000034
0.000000 0.000000
0.000000 0.000000
c
0.000000 0.000000
0.000000 0.000000
0.237447 0.178085
0.009893 0.000000
0.236702 0.177526
0.000000 0.000000
VNR

a
1.000000 0.000000
0.996769 -0.005058
0.983843 -0.025290
0.980582 -0.027305
0.983722 -0.029728
0.983078 -0.031463
b
-0.500000 -0.866025
-0.500543 -0.869135
-0.502713 -0.881571
-0.504224 -0.882593
-0.501286 -0.884642
-0.501578 -0.885498
c
-0.500000 0.866025
-0.496598 0.861782
-0.482989 0.844810
-0.484130 0.844059
-0.475976 0.839662
-0.476268 0.838941


INR

a
0.534863 -0.398169
0.534863 -0.398169
0.098882 -0.083567
0.118695 -0.084241
0.060581 -0.001673
b
-0.000015 -0.000004
-0.000015 -0.000004
-0.000014 -0.000004
-0.000000 -0.000000
-0.000000 0.000000
c
0.071778 0.615525
0.071778 0.615525
-0.005059 0.008820
0.039071 0.304049
-0.000000 0.000000


STXNR

a
0.534863 0.398169
0.535149 0.394177
0.099398 0.079716
0.118907 0.079879
0.059645 -0.000155
b
0.000011 0.000011
0.000011 0.000011
0.000011 0.000011
0.000000 0.000000
0.000000 0.000000
c
0.497171 0.369924
0.494803 0.367525
0.009894 -0.000014
0.237993 0.179860
-0.000000 0.000000


SRXNR

a
0.535149 0.394177
0.536291 0.378209
0.099244 0.079244
0.119267 0.079342
0.059608 -0.000261
b
0.000011 0.000011
0.000011 0.000011
0.000011 0.000011
0.000000 0.000000
0.000000 0.000000
c
0.494803 0.367525
0.485333 0.357931
0.009893 0.000000
0.236702 0.177526
-0.000000 0.000000


iNR

a
0.000000 0.000000
0.000000 0.000000
0.317286 -0.230361
0.098882 -0.083567
0.058114 -0.082568
0.060581 -0.001673
b
0.000000 0.000000
0.000000 0.000000
-0.000000 -0.000000
-0.000014 -0.000004
-0.000000 -0.000000
0.000000 0.000000
c
0.000000 0.000000
0.000000 0.000000
0.037766 0.302656
-0.005059 0.008820
0.039071 0.304049
0.000000 0.000000


sNR

a
0.000000 0.000000
0.000000 0.000000
0.317986 0.218615
0.099244 0.079244
0.059622 0.079496
0.059608 -0.000261
b
0.000000 0.000000
0.000000 0.000000
0.000000 0.000000
0.000011 0.000011
0.000000 0.000000
0.000000 0.000000
c
0.000000 0.000000
0.000000 0.000000
0.237446 0.178085
0.009893 0.000000
0.236702 0.177526
0.000000 0.000000
VNR

a
1.000000 0.000000
0.996769 -0.005058
0.983843 -0.025290
0.980582 -0.027306
0.983722 -0.029728
0.983078 -0.031464
b
-0.500000 -0.866025
-0.500543 -0.869135
-0.502713 -0.881572
-0.504224 -0.882594
-0.501286 -0.884643
-0.501578 -0.885499
c
-0.500000 0.866025
-0.496598 0.861782
-0.482989 0.844810
-0.484130 0.844058
-0.475976 0.839662
-0.476268 0.838941


INR

a
0.534863 -0.398169
0.534863 -0.398169
0.098882 -0.083567
0.118695 -0.084241
0.060581 -0.001673
b
-0.000003 -0.000001
-0.000003 -0.000001
-0.000003 -0.000001
-0.000000 -0.000000
0.000000 0.000000
c
0.071778 0.615525
0.071778 0.615525
-0.005059 0.008820
0.039071 0.304049
0.000000 0.000000


STXNR

a
0.534863 0.398169
0.535148 0.394177
0.099398 0.079716
0.118907 0.079879
0.059645 -0.000155
b
0.000002 0.000002
0.000002 0.000002
0.000002 0.000002
0.000000 0.000000
-0.000000 0.000000
c
0.497171 0.369924
0.494804 0.367525
0.009894 -0.000014
0.237993 0.179860
0.000000 0.000000


SRXNR

a
0.535148 0.394177
0.536291 0.378209
0.099244 0.079244
0.119267 0.079342
0.059608 -0.000261
b
0.000002 0.000002
0.000002 0.000002
0.000002 0.000002
0.000000 0.000000
-0.000000 0.000000
c
0.494804 0.367525
0.485333 0.357931
0.009893 0.000000
0.236702 0.177526
0.000000 0.000000


iNR

a
0.000000 0.000000
0.000000 0.000000
0.317286 -0.230361
0.098882 -0.083567
0.058114 -0.082568
0.060581 -0.001673
b
0.000000 0.000000
0.000000 0.000000
-0.000000 -0.000000
-0.000003 -0.000001
-0.000000 -0.000000
0.000000 0.000000
c
0.000000 0.000000
0.000000 0.000000
0.037766 0.302656
-0.005059 0.008820
0.039071 0.304049
0.000000 0.000000


sNR

a
0.000000 0.000000
0.000000 0.000000
0.317986 0.218615
0.099244 0.079244
0.059622 0.079496
0.059608 -0.000261
b
0.000000 0.000000
0.000000 0.000000
0.000000 0.000000
0.000002 0.000002
0.000000 0.000000
0.000000 0.000000
c
0.000000 0.000000
0.000000 0.000000
0.237446 0.178085
0.009893 0.000000
0.236702 0.177526
0.000000 0.000000
VNR

a
1.000000 0.000000
0.996769 -0.005058
0.983843 -0.025290
0.980582 -0.027306
0.983722 -0.029728
0.983078 -0.031464
b
-0.500000 -0.866025
-0.500543 -0.869135
-0.502713 -0.881572
-0.504224 -0.882594
-0.501286 -0.884643
-0.501578 -0.885499
c
-0.500000 0.866025
-0.496598 0.861782
-0.482989 0.844810
-0.484130 0.844058
-0.475976 0.839662
-0.476268 0.838940


INR

a
0.534863 -0.398169
0.534863 -0.398169
0.098882 -0.083567
0.118695 -0.084241
0.060581 -0.001673
b
-0.000001 -0.000000
-0.000001 -0.000000
-0.000001 -0.000000
-0.000000 -0.000000
0.000000 0.000000
c
0.071778 0.615525
0.071778 0.615525
-0.005059 0.008820
0.039071 0.304049
-0.000000 0.000000


STXNR

a
0.534863 0.398169
0.535148 0.394177
0.099398 0.079716
0.118907 0.079879
0.059645 -0.000155
b
0.000000 0.000000
0.000000 0.000000
0.000000 0.000000
0.000000 0.000000
-0.000000 0.000000
c
0.497171 0.369924
0.494804 0.367525
0.009894 -0.000014
0.237993 0.179860
-0.000000 0.000000


SRXNR

a
0.535148 0.394177
0.536291 0.378209
0.099244 0.079244
0.119267 0.079342
0.059608 -0.000261
b
0.000000 0.000000
0.000000 0.000000
0.000000 0.000000
0.000000 0.000000
-0.000000 0.000000
c
0.494804 0.367525
0.485333 0.357931
0.009893 0.000000
0.236702 0.177526
-0.000000 0.000000


iNR

a
0.000000 0.000000
0.000000 0.000000
0.317286 -0.230361
0.098882 -0.083567
0.058114 -0.082568
0.060581 -0.001673
b
0.000000 0.000000
0.000000 0.000000
-0.000000 -0.000000
-0.000001 -0.000000
-0.000000 -0.000000
0.000000 0.000000
c
0.000000 0.000000
0.000000 0.000000
0.037766 0.302656
-0.005059 0.008820
0.039071 0.304049
0.000000 0.000000


sNR

a
0.000000 0.000000
0.000000 0.000000
0.317986 0.218615
0.099244 0.079244
0.059622 0.079496
0.059608 -0.000261
b
0.000000 0.000000
0.000000 0.000000
0.000000 0.000000
0.000000 0.000000
0.000000 0.000000
0.000000 0.000000
c
0.000000 0.000000
0.000000 0.000000
0.237446 0.178085
0.009893 0.000000
0.236702 0.177526
0.000000 0.000000
VNR

a
1.000000 0.000000
0.996769 -0.005058
0.983843 -0.025290
0.980582 -0.027306
0.983722 -0.029728
0.983078 -0.031464
b
-0.500000 -0.866025
-0.500543 -0.869135
-0.502713 -0.881572
-0.504224 -0.882594
-0.501286 -0.884643
-0.501578 -0.885499
c
-0.500000 0.866025
-0.496598 0.861782
-0.482989 0.844810
-0.484130 0.844058
-0.475976 0.839662
-0.476268 0.838940


INR

a
0.534863 -0.398169
0.534863 -0.398169
0.098882 -0.083567
0.118695 -0.084241
0.060581 -0.001673
b
-0.000000 -0.000000
-0.000000 -0.000000
-0.000000 -0.000000
-0.000000 0.000000
-0.000000 0.000000
c
0.071778 0.615525
0.071778 0.615525
-0.005059 0.008820
0.039071 0.304049
0.000000 0.000000


STXNR

a
0.534863 0.398169
0.535148 0.394177
0.099398 0.079716
0.118907 0.079879
0.059645 -0.000155
b
0.000000 0.000000
0.000000 0.000000
0.000000 0.000000
0.000000 0.000000
0.000000 0.000000
c
0.497171 0.369924
0.494804 0.367525
0.009894 -0.000014
0.237993 0.179860
0.000000 0.000000


SRXNR

a
0.535148 0.394177
0.536291 0.378209
0.099244 0.079244
0.119267 0.079342
0.059608 -0.000261
b
0.000000 0.000000
0.000000 0.000000
0.000000 0.000000
0.000000 0.000000
0.000000 0.000000
c
0.494804 0.367525
0.485333 0.357931
0.009893 0.000000
0.236702 0.177526
0.000000 0.000000


iNR

a
0.000000 0.000000
0.000000 0.000000
0.317286 -0.230361
0.098882 -0.083567
0.058114 -0.082568
0.060581 -0.001673
b
0.000000 0.000000
0.000000 0.000000
-0.000000 -0.000000
-0.000000 -0.000000
0.000000 0.000000
0.000000 0.000000
c
0.000000 0.000000
0.000000 0.000000
0.037766 0.302656
-0.005059 0.008820
0.039071 0.304049
0.000000 0.000000


sNR

a
0.000000 0.000000
0.000000 0.000000
0.317986 0.218615
0.099244 0.079244
0.059622 0.079496
0.059608 -0.000261
b
0.000000 0.000000
0.000000 0.000000
0.000000 0.000000
0.000000 0.000000
0.000000 0.000000
0.000000 0.000000
c
0.000000 0.000000
0.000000 0.000000
0.237446 0.178085
0.009893 0.000000
0.236702 0.177526
0.000000 0.000000
VNR

a
1.000000 0.000000
0.996769 -0.005058
0.983843 -0.025290
0.980582 -0.027306
0.983722 -0.029728
0.983078 -0.031464
b
-0.500000 -0.866025
-0.500543 -0.869135
-0.502713 -0.881572
-0.504224 -0.882594
-0.501286 -0.884643
-0.501578 -0.885499
c
-0.500000 0.866025
-0.496598 0.861782
-0.482989 0.844810
-0.484130 0.844058
-0.475976 0.839662
-0.476268 0.838940


INR

a
0.534863 -0.398169
0.534863 -0.398169
0.098882 -0.083567
0.118695 -0.084241
0.060581 -0.001673
b
-0.000000 -0.000000
-0.000000 -0.000000
-0.000000 -0.000000
-0.000000 0.000000
-0.000000 0.000000
c
0.071778 0.615525
0.071778 0.615525
-0.005059 0.008820
0.039071 0.304049
-0.000000 0.000000


STXNR

a
0.534863 0.398169
0.535148 0.394177
0.099398 0.079716
0.118907 0.079879
0.059645 -0.000155
b
0.000000 0.000000
0.000000 0.000000
0.000000 0.000000
0.000000 0.000000
0.000000 0.000000
c
0.497171 0.369924
0.494804 0.367525
0.009894 -0.000014
0.237993 0.179860
-0.000000 0.000000


SRXNR

a
0.535148 0.394177
0.536291 0.378209
0.099244 0.079244
0.119267 0.079342
0.059608 -0.000261
b
0.000000 0.000000
0.000000 0.000000
0.000000 0.000000
0.000000 0.000000
0.000000 0.000000
c
0.494804 0.367525
0.485333 0.357931
0.009893 0.000000
0.236702 0.177526
-0.000000 0.000000


iNR

a
0.000000 0.000000
0.000000 0.000000
0.317286 -0.230361
0.098882 -0.083567
0.058114 -0.082568
0.060581 -0.001673
b
0.000000 0.000000
0.000000 0.000000
-0.000000 -0.000000
-0.000000 -0.000000
0.000000 0.000000
0.000000 0.000000
c
0.000000 0.000000
0.000000 0.000000
0.037766 0.302656
-0.005059 0.008820
0.039071 0.304049
0.000000 0.000000


sNR

a
0.000000 0.000000
0.000000 0.000000
0.317986 0.218615
0.099244 0.079244
0.059622 0.079496
0.059608 -0.000261
b
0.000000 0.000000
0.000000 0.000000
0.000000 0.000000
0.000000 0.000000
0.000000 0.000000
0.000000 0.000000
c
0.000000 0.000000
0.000000 0.000000
0.237446 0.178085
0.009893 0.000000
0.236702 0.177526
0.000000 0.000000
VNR

a
1.000000 0.000000
0.996769 -0.005058
0.983843 -0.025290
0.980582 -0.027306
0.983722 -0.029728
0.983078 -0.031464
b
-0.500000 -0.866025
-0.500543 -0.869135
-0.502713 -0.881572
-0.504224 -0.882594
-0.501286 -0.884643
-0.501578 -0.885499
c
-0.500000 0.866025
-0.496598 0.861782
-0.482989 0.844810
-0.484130 0.844058
-0.475976 0.839662
-0.476268 0.838940


INR

a
0.534863 -0.398169
0.534863 -0.398169
0.098882 -0.083567
0.118695 -0.084241
0.060581 -0.001673
b
-0.000000 -0.000000
-0.000000 -0.000000
-0.000000 -0.000000
-0.000000 0.000000
0.000000 0.000000
c
0.071778 0.615525
0.071778 0.615525
-0.005059 0.008820
0.039071 0.304049
0.000000 0.000000


STXNR

a
0.534863 0.398169
0.535148 0.394177
0.099398 0.079716
0.118907 0.079879
0.059645 -0.000155
b
0.000000 0.000000
0.000000 0.000000
0.000000 0.000000
0.000000 0.000000
-0.000000 0.000000
c
0.497171 0.369924
0.494804 0.367525
0.009894 -0.000014
0.237993 0.179860
0.000000 0.000000


SRXNR

a
0.535148 0.394177
0.536291 0.378209
0.099244 0.079244
0.119267 0.079342
0.059608 -0.000261
b
0.000000 0.000000
0.000000 0.000000
0.000000 0.000000
0.000000 0.000000
-0.000000 0.000000
c
0.494804 0.367525
0.485333 0.357931
0.009893 0.000000
0.236702 0.177526
0.000000 0.000000


iNR

a
0.000000 0.000000
0.000000 0.000000
0.317286 -0.230361
0.098882 -0.083567
0.058114 -0.082568
0.060581 -0.001673
b
0.000000 0.000000
0.000000 0.000000
-0.000000 -0.000000
-0.000000 -0.000000
0.000000 0.000000
0.000000 0.000000
c
0.000000 0.000000
0.000000 0.000000
0.037766 0.302656
-0.005059 0.008820
0.039071 0.304049
0.000000 0.000000


sNR

a
0.000000 0.000000
0.000000 0.000000
0.317986 0.218615
0.099244 0.079244
0.059622 0.079496
0.059608 -0.000261
b
0.000000 0.000000
0.000000 0.000000
0.000000 0.000000
0.000000 0.000000
0.000000 0.000000
0.000000 0.000000
c
0.000000 0.000000
0.000000 0.000000
0.237446 0.178085
0.009893 0.000000
0.236702 0.177526
0.000000 0.000000
VNR

a
1.000000 0.000000
0.996769 -0.005058
0.983843 -0.025290
0.980582 -0.027306
0.983722 -0.029728
0.983078 -0.031464
b
-0.500000 -0.866025
-0.500543 -0.869135
-0.502713 -0.881572
-0.504224 -0.882594
-0.501286 -0.884643
-0.501578 -0.885499
c
-0.500000 0.866025
-0.496598 0.861782
-0.482989 0.844810
-0.484130 0.844058
-0.475976 0.839662
-0.476268 0.838940


INR

a
0.534863 -0.398169
0.534863 -0.398169
0.098882 -0.083567
0.118695 -0.084241
0.060581 -0.001673
b
-0.000000 -0.000000
-0.000000 -0.000000
-0.000000 -0.000000
-0.000000 0.000000
0.000000 0.000000
c
0.071778 0.615525
0.071778 0.615525
-0.005059 0.008820
0.039071 0.304049
0.000000 0.000000


STXNR

a
0.534863 0.398169
0.535148 0.394177
0.099398 0.079716
0.118907 0.079879
0.059645 -0.000155
b
0.000000 0.000000
0.000000 0.000000
0.000000 0.000000
0.000000 0.000000
-0.000000 0.000000
c
0.497171 0.369924
0.494804 0.367525
0.009894 -0.000014
0.237993 0.179860
0.000000 0.000000


SRXNR

a
0.535148 0.394177
0.536291 0.378209
0.099244 0.079244
0.119267 0.079342
0.059608 -0.000261
b
0.000000 0.000000
0.000000 0.000000
0.000000 0.000000
0.000000 0.000000
-0.000000 0.000000
c
0.494804 0.367525
0.485333 0.357931
0.009893 0.000000
0.236702 0.177526
0.000000 0.000000


iNR

a
0.000000 0.000000
0.000000 0.000000
0.317286 -0.230361
0.098882 -0.083567
0.058114 -0.082568
0.060581 -0.001673
b
0.000000 0.000000
0.000000 0.000000
-0.000000 -0.000000
-0.000000 -0.000000
0.000000 0.000000
0.000000 0.000000
c
0.000000 0.000000
0.000000 0.000000
0.037766 0.302656
-0.005059 0.008820
0.039071 0.304049
0.000000 0.000000


sNR

a
0.000000 0.000000
0.000000 0.000000
0.317986 0.218615
0.099244 0.079244
0.059622 0.079496
0.059608 -0.000261
b
0.000000 0.000000
0.000000 0.000000
0.000000 0.000000
0.000000 0.000000
0.000000 0.000000
0.000000 0.000000
c
0.000000 0.000000
0.000000 0.000000
0.237446 0.178085
0.009893 0.000000
0.236702 0.177526
0.000000 0.000000
VNR

a
1.000000 0.000000
0.996769 -0.005058
0.983843 -0.025290
0.980582 -0.027306
0.983722 -0.029728
0.983078 -0.031464
b
-0.500000 -0.866025
-0.500543 -0.869135
-0.502713 -0.881572
-0.504224 -0.882594
-0.501286 -0.884643
-0.501578 -0.885499
c
-0.500000 0.866025
-0.496598 0.861782
-0.482989 0.844810
-0.484130 0.844058
-0.475976 0.839662
-0.476268 0.838940


INR

a
0.534863 -0.398169
0.534863 -0.398169
0.098882 -0.083567
0.118695 -0.084241
0.060581 -0.001673
b
-0.000000 -0.000000
-0.000000 -0.000000
-0.000000 -0.000000
-0.000000 0.000000
0.000000 0.000000
c
0.071778 0.615525
0.071778 0.615525
-0.005059 0.008820
0.039071 0.304049
0.000000 0.000000


STXNR

a
0.534863 0.398169
0.535148 0.394177
0.099398 0.079716
0.118907 0.079879
0.059645 -0.000155
b
0.000000 0.000000
0.000000 0.000000
0.000000 0.000000
0.000000 0.000000
-0.000000 0.000000
c
0.497171 0.369924
0.494804 0.367525
0.009894 -0.000014
0.237993 0.179860
0.000000 0.000000


SRXNR

a
0.535148 0.394177
0.536291 0.378209
0.099244 0.079244
0.119267 0.079342
0.059608 -0.000261
b
0.000000 0.000000
0.000000 0.000000
0.000000 0.000000
0.000000 0.000000
-0.000000 0.000000
c
0.494804 0.367525
0.485333 0.357931
0.009893 0.000000
0.236702 0.177526
0.000000 0.000000


iNR

a
0.000000 0.000000
0.000000 0.000000
0.317286 -0.230361
0.098882 -0.083567
0.058114 -0.082568
0.060581 -0.001673
b
0.000000 0.000000
0.000000 0.000000
-0.000000 -0.000000
-0.000000 -0.000000
0.000000 0.000000
0.000000 0.000000
c
0.000000 0.000000
0.000000 0.000000
0.037766 0.302656
-0.005059 0.008820
0.039071 0.304049
0.000000 0.000000


sNR

a
0.000000 0.000000
0.000000 0.000000
0.317986 0.218615
0.099244 0.079244
0.059622 0.079496
0.059608 -0.000261
b
0.000000 0.000000
0.000000 0.000000
0.000000 0.000000
0.000000 0.000000
0.000000 0.000000
0.000000 0.000000
c
0.000000 0.000000
0.000000 0.000000
0.237446 0.178085
0.009893 0.000000
0.236702 0.177526
0.000000 0.000000
VNR

a
1.000000 0.000000
0.996769 -0.005058
0.983843 -0.025290
0.980582 -0.027306
0.983722 -0.029728
0.983078 -0.031464
b
-0.500000 -0.866025
-0.500543 -0.869135
-0.502713 -0.881572
-0.504224 -0.882594
-0.501286 -0.884643
-0.501578 -0.885499
c
-0.500000 0.866025
-0.496598 0.861782
-0.482989 0.844810
-0.484130 0.844058
-0.475976 0.839662
-0.476268 0.838940


INR

a
0.534863 -0.398169
0.534863 -0.398169
0.098882 -0.083567
0.118695 -0.084241
0.060581 -0.001673
b
-0.000000 -0.000000
-0.000000 -0.000000
-0.000000 -0.000000
-0.000000 0.000000
0.000000 0.000000
c
0.071778 0.615525
0.071778 0.615525
-0.005059 0.008820
0.039071 0.304049
0.000000 0.000000


STXNR

a
0.534863 0.398169
0.535148 0.394177
0.099398 0.079716
0.118907 0.079879
0.059645 -0.000155
b
0.000000 0.000000
0.000000 0.000000
0.000000 0.000000
0.000000 0.000000
-0.000000 0.000000
c
0.497171 0.369924
0.494804 0.367525
0.009894 -0.000014
0.237993 0.179860
0.000000 0.000000


SRXNR

a
0.535148 0.394177
0.536291 0.378209
0.099244 0.079244
0.119267 0.079342
0.059608 -0.000261
b
0.000000 0.000000
0.000000 0.000000
0.000000 0.000000
0.000000 0.000000
-0.000000 0.000000
c
0.494804 0.367525
0.485333 0.357931
0.009893 0.000000
0.236702 0.177526
0.000000 0.000000


iNR

a
0.000000 0.000000
0.000000 0.000000
0.317286 -0.230361
0.098882 -0.083567
0.058114 -0.082568
0.060581 -0.001673
b
0.000000 0.000000
0.000000 0.000000
-0.000000 -0.000000
-0.000000 -0.000000
0.000000 0.000000
0.000000 0.000000
c
0.000000 0.000000
0.000000 0.000000
0.037766 0.302656
-0.005059 0.008820
0.039071 0.304049
0.000000 0.000000


sNR

a
0.000000 0.000000
0.000000 0.000000
0.317986 0.218615
0.099244 0.079244
0.059622 0.079496
0.059608 -0.000261
b
0.000000 0.000000
0.000000 0.000000
0.000000 0.000000
0.000000 0.000000
0.000000 0.000000
0.000000 0.000000
c
0.000000 0.000000
0.000000 0.000000
0.237446 0.178085
0.009893 0.000000
0.236702 0.177526
0.000000 0.000000
VNR

a
1.000000 0.000000
0.996769 -0.005058
0.983843 -0.025290
0.980582 -0.027306
0.983722 -0.029728
0.983078 -0.031464
b
-0.500000 -0.866025
-0.500543 -0.869135
-0.502713 -0.881572
-0.504224 -0.882594
-0.501286 -0.884643
-0.501578 -0.885499
c
-0.500000 0.866025
-0.496598 0.861782
-0.482989 0.844810
-0.484130 0.844058
-0.475976 0.839662
-0.476268 0.838940


INR

a
0.534863 -0.398169
0.534863 -0.398169
0.098882 -0.083567
0.118695 -0.084241
0.060581 -0.001673
b
-0.000000 -0.000000
-0.000000 -0.000000
-0.000000 -0.000000
-0.000000 0.000000
0.000000 0.000000
c
0.071778 0.615525
0.071778 0.615525
-0.005059 0.008820
0.039071 0.304049
0.000000 0.000000


STXNR

a
0.534863 0.398169
0.535148 0.394177
0.099398 0.079716
0.118907 0.079879
0.059645 -0.000155
b
0.000000 0.000000
0.000000 0.000000
0.000000 0.000000
0.000000 0.000000
-0.000000 0.000000
c
0.497171 0.369924
0.494804 0.367525
0.009894 -0.000014
0.237993 0.179860
0.000000 0.000000


SRXNR

a
0.535148 0.394177
0.536291 0.378209
0.099244 0.079244
0.119267 0.079342
0.059608 -0.000261
b
0.000000 0.000000
0.000000 0.000000
0.000000 0.000000
0.000000 0.000000
-0.000000 0.000000
c
0.494804 0.367525
0.485333 0.357931
0.009893 0.000000
0.236702 0.177526
0.000000 0.000000


iNR

a
0.000000 0.000000
0.000000 0.000000
0.317286 -0.230361
0.098882 -0.083567
0.058114 -0.082568
0.060581 -0.001673
b
0.000000 0.000000
0.000000 0.000000
-0.000000 0.000000
-0.000000 -0.000000
0.000000 0.000000
0.000000 0.000000
c
0.000000 0.000000
0.000000 0.000000
0.037766 0.302656
-0.005059 0.008820
0.039071 0.304049
0.000000 0.000000


sNR

a
0.000000 0.000000
0.000000 0.000000
0.317986 0.218615
0.099244 0.079244
0.059622 0.079496
0.059608 -0.000261
b
0.000000 0.000000
0.000000 0.000000
0.000000 0.000000
0.000000 0.000000
0.000000 0.000000
0.000000 0.000000
c
0.000000 0.000000
0.000000 0.000000
0.237446 0.178085
0.009893 0.000000
0.236702 0.177526
0.000000 0.000000
VNR

a
1.000000 0.000000
0.996769 -0.005058
0.983843 -0.025290
0.980582 -0.027306
0.983722 -0.029728
0.983078 -0.031464
b
-0.500000 -0.866025
-0.500543 -0.869135
-0.502713 -0.881572
-0.504224 -0.882594
-0.501286 -0.884643
-0.501578 -0.885499
c
-0.500000 0.866025
-0.496598 0.861782
-0.482989 0.844810
-0.484130 0.844058
-0.475976 0.839662
-0.476268 0.838940


INR

a
0.534863 -0.398169
0.534863 -0.398169
0.098882 -0.083567
0.118695 -0.084241
0.060581 -0.001673
b
-0.000000 0.000000
-0.000000 0.000000
-0.000000 0.000000
-0.000000 0.000000
-0.000000 0.000000
c
0.071778 0.615525
0.071778 0.615525
-0.005059 0.008820
0.039071 0.304049
0.000000 0.000000


STXNR

a
0.534863 0.398169
0.535148 0.394177
0.099398 0.079716
0.118907 0.079879
0.059645 -0.000155
b
0.000000 0.000000
0.000000 0.000000
0.000000 0.000000
0.000000 0.000000
0.000000 0.000000
c
0.497171 0.369924
0.494804 0.367525
0.009894 -0.000014
0.237993 0.179860
0.000000 0.000000


SRXNR

a
0.535148 0.394177
0.536291 0.378209
0.099244 0.079244
0.119267 0.079342
0.059608 -0.000261
b
0.000000 0.000000
0.000000 0.000000
0.000000 0.000000
0.000000 0.000000
0.000000 0.000000
c
0.494804 0.367525
0.485333 0.357931
0.009893 0.000000
0.236702 0.177526
0.000000 0.000000


iNR

a
0.000000 0.000000
0.000000 0.000000
0.317286 -0.230361
0.098882 -0.083567
0.058114 -0.082568
0.060581 -0.001673
b
0.000000 0.000000
0.000000 0.000000
-0.000000 0.000000
-0.000000 0.000000
0.000000 0.000000
0.000000 0.000000
c
0.000000 0.000000
0.000000 0.000000
0.037766 0.302656
-0.005059 0.008820
0.039071 0.304049
0.000000 0.000000


sNR

a
0.000000 0.000000
0.000000 0.000000
0.317986 0.218615
0.099244 0.079244
0.059622 0.079496
0.059608 -0.000261
b
0.000000 0.000000
0.000000 0.000000
0.000000 0.000000
0.000000 0.000000
0.000000 0.000000
0.000000 0.000000
c
0.000000 0.000000
0.000000 0.000000
0.237446 0.178085
0.009893 0.000000
0.236702 0.177526
0.000000 0.000000
VNR

a
1.000000 0.000000
0.996769 -0.005058
0.983843 -0.025290
0.980582 -0.027306
0.983722 -0.029728
0.983078 -0.031464
b
-0.500000 -0.866025
-0.500543 -0.869135
-0.502713 -0.881572
-0.504224 -0.882594
-0.501286 -0.884643
-0.501578 -0.885499
c
-0.500000 0.866025
-0.496598 0.861782
-0.482989 0.844810
-0.484130 0.844058
-0.475976 0.839662
-0.476268 0.838940


INR

a
0.534863 -0.398169
0.534863 -0.398169
0.098882 -0.083567
0.118695 -0.084241
0.060581 -0.001673
b
-0.000000 0.000000
-0.000000 0.000000
-0.000000 0.000000
-0.000000 0.000000
-0.000000 0.000000
c
0.071778 0.615525
0.071778 0.615525
-0.005059 0.008820
0.039071 0.304049
0.000000 0.000000


STXNR

a
0.534863 0.398169
0.535148 0.394177
0.099398 0.079716
0.118907 0.079879
0.059645 -0.000155
b
0.000000 0.000000
0.000000 0.000000
0.000000 0.000000
0.000000 0.000000
0.000000 0.000000
c
0.497171 0.369924
0.494804 0.367525
0.009894 -0.000014
0.237993 0.179860
0.000000 0.000000


SRXNR

a
0.535148 0.394177
0.536291 0.378209
0.099244 0.079244
0.119267 0.079342
0.059608 -0.000261
b
0.000000 0.000000
0.000000 0.000000
0.000000 0.000000
0.000000 0.000000
0.000000 0.000000
c
0.494804 0.367525
0.485333 0.357931
0.009893 0.000000
0.236702 0.177526
0.000000 0.000000


iNR

a
0.000000 0.000000
0.000000 0.000000
0.317286 -0.230361
0.098882 -0.083567
0.058114 -0.082568
0.060581 -0.001673
b
0.000000 0.000000
0.000000 0.000000
-0.000000 0.000000
-0.000000 0.000000
0.000000 0.000000
0.000000 0.000000
c
0.000000 0.000000
0.000000 0.000000
0.037766 0.302656
-0.005059 0.008820
0.039071 0.304049
0.000000 0.000000


sNR

a
0.000000 0.000000
0.000000 0.000000
0.317986 0.218615
0.099244 0.079244
0.059622 0.079496
0.059608 -0.000261
b
0.000000 0.000000
0.000000 0.000000
0.000000 0.000000
0.000000 0.000000
0.000000 0.000000
0.000000 0.000000
c
0.000000 0.000000
0.000000 0.000000
0.237446 0.178085
0.009893 0.000000
0.236702 0.177526
0.000000 0.000000
VNR

a
1.000000 0.000000
0.996769 -0.005058
0.983843 -0.025290
0.980582 -0.027306
0.983722 -0.029728
0.983078 -0.031464
b
-0.500000 -0.866025
-0.500543 -0.869135
-0.502713 -0.881572
-0.504224 -0.882594
-0.501286 -0.884643
-0.501578 -0.885499
c
-0.500000 0.866025
-0.496598 0.861782
-0.482989 0.844810
-0.484130 0.844058
-0.475976 0.839662
-0.476268 0.838940


INR

a
0.534863 -0.398169
0.534863 -0.398169
0.098882 -0.083567
0.118695 -0.084241
0.060581 -0.001673
b
-0.000000 0.000000
-0.000000 0.000000
-0.000000 0.000000
-0.000000 0.000000
0.000000 0.000000
c
0.071778 0.615525
0.071778 0.615525
-0.005059 0.008820
0.039071 0.304049
0.000000 0.000000


STXNR

a
0.534863 0.398169
0.535148 0.394177
0.099398 0.079716
0.118907 0.079879
0.059645 -0.000155
b
0.000000 0.000000
0.000000 0.000000
0.000000 0.000000
0.000000 0.000000
-0.000000 0.000000
c
0.497171 0.369924
0.494804 0.367525
0.009894 -0.000014
0.237993 0.179860
0.000000 0.000000


SRXNR

a
0.535148 0.394177
0.536291 0.378209
0.099244 0.079244
0.119267 0.079342
0.059608 -0.000261
b
0.000000 0.000000
0.000000 0.000000
0.000000 0.000000
0.000000 0.000000
-0.000000 0.000000
c
0.494804 0.367525
0.485333 0.357931
0.009893 0.000000
0.236702 0.177526
0.000000 0.000000


iNR

a
0.000000 0.000000
0.000000 0.000000
0.317286 -0.230361
0.098882 -0.083567
0.058114 -0.082568
0.060581 -0.001673
b
0.000000 0.000000
0.000000 0.000000
-0.000000 0.000000
-0.000000 0.000000
0.000000 0.000000
0.000000 0.000000
c
0.000000 0.000000
0.000000 0.000000
0.037766 0.302656
-0.005059 0.008820
0.039071 0.304049
0.000000 0.000000


sNR

a
0.000000 0.000000
0.000000 0.000000
0.317986 0.218615
0.099244 0.079244
0.059622 0.079496
0.059608 -0.000261
b
0.000000 0.000000
0.000000 0.000000
0.000000 0.000000
0.000000 0.000000
0.000000 0.000000
0.000000 0.000000
c
0.000000 0.000000
0.000000 0.000000
0.237446 0.178085
0.009893 0.000000
0.236702 0.177526
0.000000 0.000000
VNR

a
1.000000 0.000000
0.996769 -0.005058
0.983843 -0.025290
0.980582 -0.027306
0.983722 -0.029728
0.983078 -0.031464
b
-0.500000 -0.866025
-0.500543 -0.869135
-0.502713 -0.881572
-0.504224 -0.882594
-0.501286 -0.884643
-0.501578 -0.885499
c
-0.500000 0.866025
-0.496598 0.861782
-0.482989 0.844810
-0.484130 0.844058
-0.475976 0.839662
-0.476268 0.838940


INR

a
0.534863 -0.398169
0.534863 -0.398169
0.098882 -0.083567
0.118695 -0.084241
0.060581 -0.001673
b
-0.000000 0.000000
-0.000000 0.000000
-0.000000 0.000000
-0.000000 0.000000
-0.000000 0.000000
c
0.071778 0.615525
0.071778 0.615525
-0.005059 0.008820
0.039071 0.304049
0.000000 0.000000


STXNR

a
0.534863 0.398169
0.535148 0.394177
0.099398 0.079716
0.118907 0.079879
0.059645 -0.000155
b
0.000000 0.000000
0.000000 0.000000
0.000000 0.000000
0.000000 0.000000
0.000000 0.000000
c
0.497171 0.369924
0.494804 0.367525
0.009894 -0.000014
0.237993 0.179860
0.000000 0.000000


SRXNR

a
0.535148 0.394177
0.536291 0.378209
0.099244 0.079244
0.119267 0.079342
0.059608 -0.000261
b
0.000000 0.000000
0.000000 0.000000
0.000000 0.000000
0.000000 0.000000
0.000000 0.000000
c
0.494804 0.367525
0.485333 0.357931
0.009893 0.000000
0.236702 0.177526
0.000000 0.000000


iNR

a
0.000000 0.000000
0.000000 0.000000
0.317286 -0.230361
0.098882 -0.083567
0.058114 -0.082568
0.060581 -0.001673
b
0.000000 0.000000
0.000000 0.000000
-0.000000 0.000000
-0.000000 0.000000
0.000000 0.000000
0.000000 0.000000
c
0.000000 0.000000
0.000000 0.000000
0.037766 0.302656
-0.005059 0.008820
0.039071 0.304049
0.000000 0.000000


sNR

a
0.000000 0.000000
0.000000 0.000000
0.317986 0.218615
0.099244 0.079244
0.059622 0.079496
0.059608 -0.000261
b
0.000000 0.000000
0.000000 0.000000
0.000000 0.000000
0.000000 0.000000
0.000000 0.000000
0.000000 0.000000
c
0.000000 0.000000
0.000000 0.000000
0.237446 0.178085
0.009893 0.000000
0.236702 0.177526
0.000000 0.000000
VNR

a
1.000000 0.000000
0.996769 -0.005058
0.983843 -0.025290
0.980582 -0.027306
0.983722 -0.029728
0.983078 -0.031464
b
-0.500000 -0.866025
-0.500543 -0.869135
-0.502713 -0.881572
-0.504224 -0.882594
-0.501286 -0.884643
-0.501578 -0.885499
c
-0.500000 0.866025
-0.496598 0.861782
-0.482989 0.844810
-0.484130 0.844058
-0.475976 0.839662
-0.476268 0.838940


INR

a
0.534863 -0.398169
0.534863 -0.398169
0.098882 -0.083567
0.118695 -0.084241
0.060581 -0.001673
b
-0.000000 0.000000
-0.000000 0.000000
-0.000000 0.000000
-0.000000 0.000000
0.000000 0.000000
c
0.071778 0.615525
0.071778 0.615525
-0.005059 0.008820
0.039071 0.304049
-0.000000 0.000000


STXNR

a
0.534863 0.398169
0.535148 0.394177
0.099398 0.079716
0.118907 0.079879
0.059645 -0.000155
b
0.000000 0.000000
0.000000 0.000000
0.000000 0.000000
0.000000 0.000000
-0.000000 0.000000
c
0.497171 0.369924
0.494804 0.367525
0.009894 -0.000014
0.237993 0.179860
-0.000000 0.000000


SRXNR

a
0.535148 0.394177
0.536291 0.378209
0.099244 0.079244
0.119267 0.079342
0.059608 -0.000261
b
0.000000 0.000000
0.000000 0.000000
0.000000 0.000000
0.000000 0.000000
-0.000000 0.000000
c
0.494804 0.367525
0.485333 0.357931
0.009893 0.000000
0.236702 0.177526
-0.000000 0.000000


iNR

a
0.000000 0.000000
0.000000 0.000000
0.317286 -0.230361
0.098882 -0.083567
0.058114 -0.082568
0.060581 -0.001673
b
0.000000 0.000000
0.000000 0.000000
-0.000000 0.000000
-0.000000 0.000000
0.000000 0.000000
0.000000 0.000000
c
0.000000 0.000000
0.000000 0.000000
0.037766 0.302656
-0.005059 0.008820
0.039071 0.304049
0.000000 0.000000


sNR

a
0.000000 0.000000
0.000000 0.000000
0.317986 0.218615
0.099244 0.079244
0.059622 0.079496
0.059608 -0.000261
b
0.000000 0.000000
0.000000 0.000000
0.000000 0.000000
0.000000 0.000000
0.000000 0.000000
0.000000 0.000000
c
0.000000 0.000000
0.000000 0.000000
0.237446 0.178085
0.009893 0.000000
0.236702 0.177526
0.000000 0.000000
VNR

a
1.000000 0.000000
0.996769 -0.005058
0.983843 -0.025290
0.980582 -0.027306
0.983722 -0.029728
0.983078 -0.031464
b
-0.500000 -0.866025
-0.500543 -0.869135
-0.502713 -0.881572
-0.504224 -0.882594
-0.501286 -0.884643
-0.501578 -0.885499
c
-0.500000 0.866025
-0.496598 0.861782
-0.482989 0.844810
-0.484130 0.844058
-0.475976 0.839662
-0.476268 0.838940


INR

a
0.534863 -0.398169
0.534863 -0.398169
0.098882 -0.083567
0.118695 -0.084241
0.060581 -0.001673
b
-0.000000 0.000000
-0.000000 0.000000
-0.000000 0.000000
-0.000000 0.000000
0.000000 0.000000
c
0.071778 0.615525
0.071778 0.615525
-0.005059 0.008820
0.039071 0.304049
0.000000 0.000000


STXNR

a
0.534863 0.398169
0.535148 0.394177
0.099398 0.079716
0.118907 0.079879
0.059645 -0.000155
b
0.000000 0.000000
0.000000 0.000000
0.000000 0.000000
0.000000 0.000000
-0.000000 0.000000
c
0.497171 0.369924
0.494804 0.367525
0.009894 -0.000014
0.237993 0.179860
0.000000 0.000000


SRXNR

a
0.535148 0.394177
0.536291 0.378209
0.099244 0.079244
0.119267 0.079342
0.059608 -0.000261
b
0.000000 0.000000
0.000000 0.000000
0.000000 0.000000
0.000000 0.000000
-0.000000 0.000000
c
0.494804 0.367525
0.485333 0.357931
0.009893 0.000000
0.236702 0.177526
0.000000 0.000000


iNR

a
0.000000 0.000000
0.000000 0.000000
0.317286 -0.230361
0.098882 -0.083567
0.058114 -0.082568
0.060581 -0.001673
b
0.000000 0.000000
0.000000 0.000000
-0.000000 0.000000
-0.000000 0.000000
0.000000 0.000000
0.000000 0.000000
c
0.000000 0.000000
0.000000 0.000000
0.037766 0.302656
-0.005059 0.008820
0.039071 0.304049
0.000000 0.000000


sNR

a
0.000000 0.000000
0.000000 0.000000
0.317986 0.218615
0.099244 0.079244
0.059622 0.079496
0.059608 -0.000261
b
0.000000 0.000000
0.000000 0.000000
0.000000 0.000000
0.000000 0.000000
0.000000 0.000000
0.000000 0.000000
c
0.000000 0.000000
0.000000 0.000000
0.237446 0.178085
0.009893 0.000000
0.236702 0.177526
0.000000 0.000000
VNR

a
1.000000 0.000000
0.996769 -0.005058
0.983843 -0.025290
0.980582 -0.027306
0.983722 -0.029728
0.983078 -0.031464
b
-0.500000 -0.866025
-0.500543 -0.869135
-0.502713 -0.881572
-0.504224 -0.882594
-0.501286 -0.884643
-0.501578 -0.885499
c
-0.500000 0.866025
-0.496598 0.861782
-0.482989 0.844810
-0.484130 0.844058
-0.475976 0.839662
-0.476268 0.838940


INR

a
0.534863 -0.398169
0.534863 -0.398169
0.098882 -0.083567
0.118695 -0.084241
0.060581 -0.001673
b
-0.000000 0.000000
-0.000000 0.000000
-0.000000 0.000000
-0.000000 0.000000
0.000000 0.000000
c
0.071778 0.615525
0.071778 0.615525
-0.005059 0.008820
0.039071 0.304049
0.000000 0.000000


STXNR

a
0.534863 0.398169
0.535148 0.394177
0.099398 0.079716
0.118907 0.079879
0.059645 -0.000155
b
0.000000 0.000000
0.000000 0.000000
0.000000 0.000000
0.000000 0.000000
-0.000000 0.000000
c
0.497171 0.369924
0.494804 0.367525
0.009894 -0.000014
0.237993 0.179860
0.000000 0.000000


SRXNR

a
0.535148 0.394177
0.536291 0.378209
0.099244 0.079244
0.119267 0.079342
0.059608 -0.000261
b
0.000000 0.000000
0.000000 0.000000
0.000000 0.000000
0.000000 0.000000
-0.000000 0.000000
c
0.494804 0.367525
0.485333 0.357931
0.009893 0.000000
0.236702 0.177526
0.000000 0.000000


iNR

a
0.000000 0.000000
0.000000 0.000000
0.317286 -0.230361
0.098882 -0.083567
0.058114 -0.082568
0.060581 -0.001673
b
0.000000 0.000000
0.000000 0.000000
-0.000000 0.000000
-0.000000 0.000000
0.000000 0.000000
0.000000 0.000000
c
0.000000 0.000000
0.000000 0.000000
0.037766 0.302656
-0.005059 0.008820
0.039071 0.304049
0.000000 0.000000


sNR

a
0.000000 0.000000
0.000000 0.000000
0.317986 0.218615
0.099244 0.079244
0.059622 0.079496
0.059608 -0.000261
b
0.000000 0.000000
0.000000 0.000000
0.000000 0.000000
0.000000 0.000000
0.000000 0.000000
0.000000 0.000000
c
0.000000 0.000000
0.000000 0.000000
0.237446 0.178085
0.009893 0.000000
0.236702 0.177526
0.000000 0.000000
VNR

a
1.000000 0.000000
0.996769 -0.005058
0.983843 -0.025290
0.980582 -0.027306
0.983722 -0.029728
0.983078 -0.031464
b
-0.500000 -0.866025
-0.500543 -0.869135
-0.502713 -0.881572
-0.504224 -0.882594
-0.501286 -0.884643
-0.501578 -0.885499
c
-0.500000 0.866025
-0.496598 0.861782
-0.482989 0.844810
-0.484130 0.844058
-0.475976 0.839662
-0.476268 0.838940


INR

a
0.534863 -0.398169
0.534863 -0.398169
0.098882 -0.083567
0.118695 -0.084241
0.060581 -0.001673
b
-0.000000 0.000000
-0.000000 0.000000
-0.000000 0.000000
-0.000000 0.000000
0.000000 0.000000
c
0.071778 0.615525
0.071778 0.615525
-0.005059 0.008820
0.039071 0.304049
0.000000 0.000000


STXNR

a
0.534863 0.398169
0.535148 0.394177
0.099398 0.079716
0.118907 0.079879
0.059645 -0.000155
b
0.000000 0.000000
0.000000 0.000000
0.000000 0.000000
0.000000 0.000000
-0.000000 0.000000
c
0.497171 0.369924
0.494804 0.367525
0.009894 -0.000014
0.237993 0.179860
0.000000 0.000000


SRXNR

a
0.535148 0.394177
0.536291 0.378209
0.099244 0.079244
0.119267 0.079342
0.059608 -0.000261
b
0.000000 0.000000
0.000000 0.000000
0.000000 0.000000
0.000000 0.000000
-0.000000 0.000000
c
0.494804 0.367525
0.485333 0.357931
0.009893 0.000000
0.236702 0.177526
0.000000 0.000000


iNR

a
0.000000 0.000000
0.000000 0.000000
0.317286 -0.230361
0.098882 -0.083567
0.058114 -0.082568
0.060581 -0.001673
b
0.000000 0.000000
0.000000 0.000000
-0.000000 0.000000
-0.000000 0.000000
0.000000 0.000000
0.000000 0.000000
c
0.000000 0.000000
0.000000 0.000000
0.037766 0.302656
-0.005059 0.008820
0.039071 0.304049
0.000000 0.000000


sNR

a
0.000000 0.000000
0.000000 0.000000
0.317986 0.218615
0.099244 0.079244
0.059622 0.079496
0.059608 -0.000261
b
0.000000 0.000000
0.000000 0.000000
0.000000 0.000000
0.000000 0.000000
0.000000 0.000000
0.000000 0.000000
c
0.000000 0.000000
0.000000 0.000000
0.237446 0.178085
0.009893 0.000000
0.236702 0.177526
0.000000 0.000000
VNR

a
1.000000 0.000000
0.996769 -0.005058
0.983843 -0.025290
0.980582 -0.027306
0.983722 -0.029728
0.983078 -0.031464
b
-0.500000 -0.866025
-0.500543 -0.869135
-0.502713 -0.881572
-0.504224 -0.882594
-0.501286 -0.884643
-0.501578 -0.885499
c
-0.500000 0.866025
-0.496598 0.861782
-0.482989 0.844810
-0.484130 0.844058
-0.475976 0.839662
-0.476268 0.838940


INR

a
0.534863 -0.398169
0.534863 -0.398169
0.098882 -0.083567
0.118695 -0.084241
0.060581 -0.001673
b
-0.000000 0.000000
-0.000000 0.000000
-0.000000 0.000000
-0.000000 0.000000
0.000000 0.000000
c
0.071778 0.615525
0.071778 0.615525
-0.005059 0.008820
0.039071 0.304049
0.000000 0.000000


STXNR

a
0.534863 0.398169
0.535148 0.394177
0.099398 0.079716
0.118907 0.079879
0.059645 -0.000155
b
0.000000 0.000000
0.000000 0.000000
0.000000 0.000000
0.000000 0.000000
-0.000000 0.000000
c
0.497171 0.369924
0.494804 0.367525
0.009894 -0.000014
0.237993 0.179860
0.000000 0.000000


SRXNR

a
0.535148 0.394177
0.536291 0.378209
0.099244 0.079244
0.119267 0.079342
0.059608 -0.000261
b
0.000000 0.000000
0.000000 0.000000
0.000000 0.000000
0.000000 0.000000
-0.000000 0.000000
c
0.494804 0.367525
0.485333 0.357931
0.009893 0.000000
0.236702 0.177526
0.000000 0.000000


iNR

a
0.000000 0.000000
0.000000 0.000000
0.317286 -0.230361
0.098882 -0.083567
0.058114 -0.082568
0.060581 -0.001673
b
0.000000 0.000000
0.000000 0.000000
-0.000000 0.000000
-0.000000 0.000000
0.000000 0.000000
0.000000 0.000000
c
0.000000 0.000000
0.000000 0.000000
0.037766 0.302656
-0.005059 0.008820
0.039071 0.304049
0.000000 0.000000


sNR

a
0.000000 0.000000
0.000000 0.000000
0.317986 0.218615
0.099244 0.079244
0.059622 0.079496
0.059608 -0.000261
b
0.000000 0.000000
0.000000 0.000000
0.000000 0.000000
0.000000 0.000000
0.000000 0.000000
0.000000 0.000000
c
0.000000 0.000000
0.000000 0.000000
0.237446 0.178085
0.009893 0.000000
0.236702 0.177526
0.000000 0.000000
VNR

a
1.000000 0.000000
0.996769 -0.005058
0.983843 -0.025290
0.980582 -0.027306
0.983722 -0.029728
0.983078 -0.031464
b
-0.500000 -0.866025
-0.500543 -0.869135
-0.502713 -0.881572
-0.504224 -0.882594
-0.501286 -0.884643
-0.501578 -0.885499
c
-0.500000 0.866025
-0.496598 0.861782
-0.482989 0.844810
-0.484130 0.844058
-0.475976 0.839662
-0.476268 0.838940


INR

a
0.534863 -0.398169
0.534863 -0.398169
0.098882 -0.083567
0.118695 -0.084241
0.060581 -0.001673
b
-0.000000 0.000000
-0.000000 0.000000
-0.000000 0.000000
-0.000000 0.000000
-0.000000 0.000000
c
0.071778 0.615525
0.071778 0.615525
-0.005059 0.008820
0.039071 0.304049
0.000000 0.000000


STXNR

a
0.534863 0.398169
0.535148 0.394177
0.099398 0.079716
0.118907 0.079879
0.059645 -0.000155
b
0.000000 0.000000
0.000000 0.000000
0.000000 0.000000
0.000000 0.000000
0.000000 0.000000
c
0.497171 0.369924
0.494804 0.367525
0.009894 -0.000014
0.237993 0.179860
0.000000 0.000000


SRXNR

a
0.535148 0.394177
0.536291 0.378209
0.099244 0.079244
0.119267 0.079342
0.059608 -0.000261
b
0.000000 0.000000
0.000000 0.000000
0.000000 0.000000
0.000000 0.000000
0.000000 0.000000
c
0.494804 0.367525
0.485333 0.357931
0.009893 0.000000
0.236702 0.177526
0.000000 0.000000


iNR

a
0.000000 0.000000
0.000000 0.000000
0.317286 -0.230361
0.098882 -0.083567
0.058114 -0.082568
0.060581 -0.001673
b
0.000000 0.000000
0.000000 0.000000
-0.000000 0.000000
-0.000000 0.000000
0.000000 0.000000
0.000000 0.000000
c
0.000000 0.000000
0.000000 0.000000
0.037766 0.302656
-0.005059 0.008820
0.039071 0.304049
0.000000 0.000000


sNR

a
0.000000 0.000000
0.000000 0.000000
0.317986 0.218615
0.099244 0.079244
0.059622 0.079496
0.059608 -0.000261
b
0.000000 0.000000
0.000000 0.000000
0.000000 0.000000
0.000000 0.000000
0.000000 0.000000
0.000000 0.000000
c
0.000000 0.000000
0.000000 0.000000
0.237446 0.178085
0.009893 0.000000
0.236702 0.177526
0.000000 0.000000
VNR

a
1.000000 0.000000
0.996769 -0.005058
0.983843 -0.025290
0.980582 -0.027306
0.983722 -0.029728
0.983078 -0.031464
b
-0.500000 -0.866025
-0.500543 -0.869135
-0.502713 -0.881572
-0.504224 -0.882594
-0.501286 -0.884643
-0.501578 -0.885499
c
-0.500000 0.866025
-0.496598 0.861782
-0.482989 0.844810
-0.484130 0.844058
-0.475976 0.839662
-0.476268 0.838940


INR

a
0.534863 -0.398169
0.534863 -0.398169
0.098882 -0.083567
0.118695 -0.084241
0.060581 -0.001673
b
-0.000000 0.000000
-0.000000 0.000000
-0.000000 0.000000
-0.000000 0.000000
-0.000000 0.000000
c
0.071778 0.615525
0.071778 0.615525
-0.005059 0.008820
0.039071 0.304049
0.000000 0.000000


STXNR

a
0.534863 0.398169
0.535148 0.394177
0.099398 0.079716
0.118907 0.079879
0.059645 -0.000155
b
0.000000 0.000000
0.000000 0.000000
0.000000 0.000000
0.000000 0.000000
0.000000 0.000000
c
0.497171 0.369924
0.494804 0.367525
0.009894 -0.000014
0.237993 0.179860
0.000000 0.000000


SRXNR

a
0.535148 0.394177
0.536291 0.378209
0.099244 0.079244
0.119267 0.079342
0.059608 -0.000261
b
0.000000 0.000000
0.000000 0.000000
0.000000 0.000000
0.000000 0.000000
0.000000 0.000000
c
0.494804 0.367525
0.485333 0.357931
0.009893 0.000000
0.236702 0.177526
0.000000 0.000000


iNR

a
0.000000 0.000000
0.000000 0.000000
0.317286 -0.230361
0.098882 -0.083567
0.058114 -0.082568
0.060581 -0.001673
b
0.000000 0.000000
0.000000 0.000000
-0.000000 0.000000
-0.000000 0.000000
0.000000 0.000000
0.000000 0.000000
c
0.000000 0.000000
0.000000 0.000000
0.037766 0.302656
-0.005059 0.008820
0.039071 0.304049
0.000000 0.000000


sNR

a
0.000000 0.000000
0.000000 0.000000
0.317986 0.218615
0.099244 0.079244
0.059622 0.079496
0.059608 -0.000261
b
0.000000 0.000000
0.000000 0.000000
0.000000 0.000000
0.000000 0.000000
0.000000 0.000000
0.000000 0.000000
c
0.000000 0.000000
0.000000 0.000000
0.237446 0.178085
0.009893 0.000000
0.236702 0.177526
0.000000 0.000000
VNR

a
1.000000 0.000000
0.996769 -0.005058
0.983843 -0.025290
0.980582 -0.027306
0.983722 -0.029728
0.983078 -0.031464
b
-0.500000 -0.866025
-0.500543 -0.869135
-0.502713 -0.881572
-0.504224 -0.882594
-0.501286 -0.884643
-0.501578 -0.885499
c
-0.500000 0.866025
-0.496598 0.861782
-0.482989 0.844810
-0.484130 0.844058
-0.475976 0.839662
-0.476268 0.838940


INR

a
0.534863 -0.398169
0.534863 -0.398169
0.098882 -0.083567
0.118695 -0.084241
0.060581 -0.001673
b
-0.000000 0.000000
-0.000000 0.000000
-0.000000 0.000000
-0.000000 0.000000
-0.000000 0.000000
c
0.071778 0.615525
0.071778 0.615525
-0.005059 0.008820
0.039071 0.304049
0.000000 0.000000


STXNR

a
0.534863 0.398169
0.535148 0.394177
0.099398 0.079716
0.118907 0.079879
0.059645 -0.000155
b
0.000000 0.000000
0.000000 0.000000
0.000000 0.000000
0.000000 0.000000
0.000000 0.000000
c
0.497171 0.369924
0.494804 0.367525
0.009894 -0.000014
0.237993 0.179860
0.000000 0.000000


SRXNR

a
0.535148 0.394177
0.536291 0.378209
0.099244 0.079244
0.119267 0.079342
0.059608 -0.000261
b
0.000000 0.000000
0.000000 0.000000
0.000000 0.000000
0.000000 0.000000
0.000000 0.000000
c
0.494804 0.367525
0.485333 0.357931
0.009893 0.000000
0.236702 0.177526
0.000000 0.000000


iNR

a
0.000000 0.000000
0.000000 0.000000
0.317286 -0.230361
0.098882 -0.083567
0.058114 -0.082568
0.060581 -0.001673
b
0.000000 0.000000
0.000000 0.000000
-0.000000 0.000000
-0.000000 0.000000
0.000000 0.000000
0.000000 0.000000
c
0.000000 0.000000
0.000000 0.000000
0.037766 0.302656
-0.005059 0.008820
0.039071 0.304049
0.000000 0.000000


sNR

a
0.000000 0.000000
0.000000 0.000000
0.317986 0.218615
0.099244 0.079244
0.059622 0.079496
0.059608 -0.000261
b
0.000000 0.000000
0.000000 0.000000
0.000000 0.000000
0.000000 0.000000
0.000000 0.000000
0.000000 0.000000
c
0.000000 0.000000
0.000000 0.000000
0.237446 0.178085
0.009893 0.000000
0.236702 0.177526
0.000000 0.000000
VNR

a
1.000000 0.000000
0.996769 -0.005058
0.983843 -0.025290
0.980582 -0.027306
0.983722 -0.029728
0.983078 -0.031464
b
-0.500000 -0.866025
-0.500543 -0.869135
-0.502713 -0.881572
-0.504224 -0.882594
-0.501286 -0.884643
-0.501578 -0.885499
c
-0.500000 0.866025
-0.496598 0.861782
-0.482989 0.844810
-0.484130 0.844058
-0.475976 0.839662
-0.476268 0.838940


INR

a
0.534863 -0.398169
0.534863 -0.398169
0.098882 -0.083567
0.118695 -0.084241
0.060581 -0.001673
b
-0.000000 0.000000
-0.000000 0.000000
-0.000000 0.000000
-0.000000 0.000000
-0.000000 0.000000
c
0.071778 0.615525
0.071778 0.615525
-0.005059 0.008820
0.039071 0.304049
0.000000 0.000000


STXNR

a
0.534863 0.398169
0.535148 0.394177
0.099398 0.079716
0.118907 0.079879
0.059645 -0.000155
b
0.000000 0.000000
0.000000 0.000000
0.000000 0.000000
0.000000 0.000000
0.000000 0.000000
c
0.497171 0.369924
0.494804 0.367525
0.009894 -0.000014
0.237993 0.179860
0.000000 0.000000


SRXNR

a
0.535148 0.394177
0.536291 0.378209
0.099244 0.079244
0.119267 0.079342
0.059608 -0.000261
b
0.000000 0.000000
0.000000 0.000000
0.000000 0.000000
0.000000 0.000000
0.000000 0.000000
c
0.494804 0.367525
0.485333 0.357931
0.009893 0.000000
0.236702 0.177526
0.000000 0.000000


iNR

a
0.000000 0.000000
0.000000 0.000000
0.317286 -0.230361
0.098882 -0.083567
0.058114 -0.082568
0.060581 -0.001673
b
0.000000 0.000000
0.000000 0.000000
-0.000000 0.000000
-0.000000 0.000000
0.000000 0.000000
0.000000 0.000000
c
0.000000 0.000000
0.000000 0.000000
0.037766 0.302656
-0.005059 0.008820
0.039071 0.304049
0.000000 0.000000


sNR

a
0.000000 0.000000
0.000000 0.000000
0.317986 0.218615
0.099244 0.079244
0.059622 0.079496
0.059608 -0.000261
b
0.000000 0.000000
0.000000 0.000000
0.000000 0.000000
0.000000 0.000000
0.000000 0.000000
0.000000 0.000000
c
0.000000 0.000000
0.000000 0.000000
0.237446 0.178085
0.009893 0.000000
0.236702 0.177526
0.000000 0.000000
VNR

a
1.000000 0.000000
0.996769 -0.005058
0.983843 -0.025290
0.980582 -0.027306
0.983722 -0.029728
0.983078 -0.031464
b
-0.500000 -0.866025
-0.500543 -0.869135
-0.502713 -0.881572
-0.504224 -0.882594
-0.501286 -0.884643
-0.501578 -0.885499
c
-0.500000 0.866025
-0.496598 0.861782
-0.482989 0.844810
-0.484130 0.844058
-0.475976 0.839662
-0.476268 0.838940


INR

a
0.534863 -0.398169
0.534863 -0.398169
0.098882 -0.083567
0.118695 -0.084241
0.060581 -0.001673
b
-0.000000 0.000000
-0.000000 0.000000
-0.000000 0.000000
-0.000000 0.000000
-0.000000 0.000000
c
0.071778 0.615525
0.071778 0.615525
-0.005059 0.008820
0.039071 0.304049
0.000000 0.000000


STXNR

a
0.534863 0.398169
0.535148 0.394177
0.099398 0.079716
0.118907 0.079879
0.059645 -0.000155
b
0.000000 0.000000
0.000000 0.000000
0.000000 0.000000
0.000000 0.000000
0.000000 0.000000
c
0.497171 0.369924
0.494804 0.367525
0.009894 -0.000014
0.237993 0.179860
0.000000 0.000000


SRXNR

a
0.535148 0.394177
0.536291 0.378209
0.099244 0.079244
0.119267 0.079342
0.059608 -0.000261
b
0.000000 0.000000
0.000000 0.000000
0.000000 0.000000
0.000000 0.000000
0.000000 0.000000
c
0.494804 0.367525
0.485333 0.357931
0.009893 0.000000
0.236702 0.177526
0.000000 0.000000


iNR

a
0.000000 0.000000
0.000000 0.000000
0.317286 -0.230361
0.098882 -0.083567
0.058114 -0.082568
0.060581 -0.001673
b
0.000000 0.000000
0.000000 0.000000
-0.000000 0.000000
-0.000000 0.000000
0.000000 0.000000
0.000000 0.000000
c
0.000000 0.000000
0.000000 0.000000
0.037766 0.302656
-0.005059 0.008820
0.039071 0.304049
0.000000 0.000000


sNR

a
0.000000 0.000000
0.000000 0.000000
0.317986 0.218615
0.099244 0.079244
0.059622 0.079496
0.059608 -0.000261
b
0.000000 0.000000
0.000000 0.000000
0.000000 0.000000
0.000000 0.000000
0.000000 0.000000
0.000000 0.000000
c
0.000000 0.000000
0.000000 0.000000
0.237446 0.178085
0.009893 0.000000
0.236702 0.177526
0.000000 0.000000
VNR

a
1.000000 0.000000
0.996769 -0.005058
0.983843 -0.025290
0.980582 -0.027306
0.983722 -0.029728
0.983078 -0.031464
b
-0.500000 -0.866025
-0.500543 -0.869135
-0.502713 -0.881572
-0.504224 -0.882594
-0.501286 -0.884643
-0.501578 -0.885499
c
-0.500000 0.866025
-0.496598 0.861782
-0.482989 0.844810
-0.484130 0.844058
-0.475976 0.839662
-0.476268 0.838940


INR

a
0.534863 -0.398169
0.534863 -0.398169
0.098882 -0.083567
0.118695 -0.084241
0.060581 -0.001673
b
-0.000000 0.000000
-0.000000 0.000000
-0.000000 0.000000
-0.000000 0.000000
-0.000000 0.000000
c
0.071778 0.615525
0.071778 0.615525
-0.005059 0.008820
0.039071 0.304049
0.000000 0.000000


STXNR

a
0.534863 0.398169
0.535148 0.394177
0.099398 0.079716
0.118907 0.079879
0.059645 -0.000155
b
0.000000 0.000000
0.000000 0.000000
0.000000 0.000000
0.000000 0.000000
0.000000 0.000000
c
0.497171 0.369924
0.494804 0.367525
0.009894 -0.000014
0.237993 0.179860
0.000000 0.000000


SRXNR

a
0.535148 0.394177
0.536291 0.378209
0.099244 0.079244
0.119267 0.079342
0.059608 -0.000261
b
0.000000 0.000000
0.000000 0.000000
0.000000 0.000000
0.000000 0.000000
0.000000 0.000000
c
0.494804 0.367525
0.485333 0.357931
0.009893 0.000000
0.236702 0.177526
0.000000 0.000000


iNR

a
0.000000 0.000000
0.000000 0.000000
0.317286 -0.230361
0.098882 -0.083567
0.058114 -0.082568
0.060581 -0.001673
b
0.000000 0.000000
0.000000 0.000000
-0.000000 0.000000
-0.000000 0.000000
0.000000 0.000000
0.000000 0.000000
c
0.000000 0.000000
0.000000 0.000000
0.037766 0.302656
-0.005059 0.008820
0.039071 0.304049
0.000000 0.000000


sNR

a
0.000000 0.000000
0.000000 0.000000
0.317986 0.218615
0.099244 0.079244
0.059622 0.079496
0.059608 -0.000261
b
0.000000 0.000000
0.000000 0.000000
0.000000 0.000000
0.000000 0.000000
0.000000 0.000000
0.000000 0.000000
c
0.000000 0.000000
0.000000 0.000000
0.237446 0.178085
0.009893 0.000000
0.236702 0.177526
0.000000 0.000000
VNR

a
1.000000 0.000000
0.996769 -0.005058
0.983843 -0.025290
0.980582 -0.027306
0.983722 -0.029728
0.983078 -0.031464
b
-0.500000 -0.866025
-0.500543 -0.869135
-0.502713 -0.881572
-0.504224 -0.882594
-0.501286 -0.884643
-0.501578 -0.885499
c
-0.500000 0.866025
-0.496598 0.861782
-0.482989 0.844810
-0.484130 0.844058
-0.475976 0.839662
-0.476268 0.838940


INR

a
0.534863 -0.398169
0.534863 -0.398169
0.098882 -0.083567
0.118695 -0.084241
0.060581 -0.001673
b
-0.000000 0.000000
-0.000000 0.000000
-0.000000 0.000000
-0.000000 0.000000
-0.000000 0.000000
c
0.071778 0.615525
0.071778 0.615525
-0.005059 0.008820
0.039071 0.304049
0.000000 0.000000


STXNR

a
0.534863 0.398169
0.535148 0.394177
0.099398 0.079716
0.118907 0.079879
0.059645 -0.000155
b
0.000000 0.000000
0.000000 0.000000
0.000000 0.000000
0.000000 0.000000
0.000000 0.000000
c
0.497171 0.369924
0.494804 0.367525
0.009894 -0.000014
0.237993 0.179860
0.000000 0.000000


SRXNR

a
0.535148 0.394177
0.536291 0.378209
0.099244 0.079244
0.119267 0.079342
0.059608 -0.000261
b
0.000000 0.000000
0.000000 0.000000
0.000000 0.000000
0.000000 0.000000
0.000000 0.000000
c
0.494804 0.367525
0.485333 0.357931
0.009893 0.000000
0.236702 0.177526
0.000000 0.000000


iNR

a
0.000000 0.000000
0.000000 0.000000
0.317286 -0.230361
0.098882 -0.083567
0.058114 -0.082568
0.060581 -0.001673
b
0.000000 0.000000
0.000000 0.000000
-0.000000 0.000000
-0.000000 0.000000
0.000000 0.000000
0.000000 0.000000
c
0.000000 0.000000
0.000000 0.000000
0.037766 0.302656
-0.005059 0.008820
0.039071 0.304049
0.000000 0.000000


sNR

a
0.000000 0.000000
0.000000 0.000000
0.317986 0.218615
0.099244 0.079244
0.059622 0.079496
0.059608 -0.000261
b
0.000000 0.000000
0.000000 0.000000
0.000000 0.000000
0.000000 0.000000
0.000000 0.000000
0.000000 0.000000
c
0.000000 0.000000
0.000000 0.000000
0.237446 0.178085
0.009893 0.000000
0.236702 0.177526
0.000000 0.000000
VNR

a
1.000000 0.000000
0.996769 -0.005058
0.983843 -0.025290
0.980582 -0.027306
0.983722 -0.029728
0.983078 -0.031464
b
-0.500000 -0.866025
-0.500543 -0.869135
-0.502713 -0.881572
-0.504224 -0.882594
-0.501286 -0.884643
-0.501578 -0.885499
c
-0.500000 0.866025
-0.496598 0.861782
-0.482989 0.844810
-0.484130 0.844058
-0.475976 0.839662
-0.476268 0.838940


INR

a
0.534863 -0.398169
0.534863 -0.398169
0.098882 -0.083567
0.118695 -0.084241
0.060581 -0.001673
b
-0.000000 0.000000
-0.000000 0.000000
-0.000000 0.000000
-0.000000 0.000000
-0.000000 0.000000
c
0.071778 0.615525
0.071778 0.615525
-0.005059 0.008820
0.039071 0.304049
0.000000 0.000000


STXNR

a
0.534863 0.398169
0.535148 0.394177
0.099398 0.079716
0.118907 0.079879
0.059645 -0.000155
b
0.000000 0.000000
0.000000 0.000000
0.000000 0.000000
0.000000 0.000000
0.000000 0.000000
c
0.497171 0.369924
0.494804 0.367525
0.009894 -0.000014
0.237993 0.179860
0.000000 0.000000


SRXNR

a
0.535148 0.394177
0.536291 0.378209
0.099244 0.079244
0.119267 0.079342
0.059608 -0.000261
b
0.000000 0.000000
0.000000 0.000000
0.000000 0.000000
0.000000 0.000000
0.000000 0.000000
c
0.494804 0.367525
0.485333 0.357931
0.009893 0.000000
0.236702 0.177526
0.000000 0.000000


iNR

a
0.000000 0.000000
0.000000 0.000000
0.317286 -0.230361
0.098882 -0.083567
0.058114 -0.082568
0.060581 -0.001673
b
0.000000 0.000000
0.000000 0.000000
-0.000000 0.000000
-0.000000 0.000000
0.000000 0.000000
0.000000 0.000000
c
0.000000 0.000000
0.000000 0.000000
0.037766 0.302656
-0.005059 0.008820
0.039071 0.304049
0.000000 0.000000


sNR

a
0.000000 0.000000
0.000000 0.000000
0.317986 0.218615
0.099244 0.079244
0.059622 0.079496
0.059608 -0.000261
b
0.000000 0.000000
0.000000 0.000000
0.000000 0.000000
0.000000 0.000000
0.000000 0.000000
0.000000 0.000000
c
0.000000 0.000000
0.000000 0.000000
0.237446 0.178085
0.009893 0.000000
0.236702 0.177526
0.000000 0.000000
VNR

a
1.000000 0.000000
0.996769 -0.005058
0.983843 -0.025290
0.980582 -0.027306
0.983722 -0.029728
0.983078 -0.031464
b
-0.500000 -0.866025
-0.500543 -0.869135
-0.502713 -0.881572
-0.504224 -0.882594
-0.501286 -0.884643
-0.501578 -0.885499
c
-0.500000 0.866025
-0.496598 0.861782
-0.482989 0.844810
-0.484130 0.844058
-0.475976 0.839662
-0.476268 0.838940


INR

a
0.534863 -0.398169
0.534863 -0.398169
0.098882 -0.083567
0.118695 -0.084241
0.060581 -0.001673
b
-0.000000 0.000000
-0.000000 0.000000
-0.000000 0.000000
-0.000000 0.000000
-0.000000 0.000000
c
0.071778 0.615525
0.071778 0.615525
-0.005059 0.008820
0.039071 0.304049
0.000000 0.000000


STXNR

a
0.534863 0.398169
0.535148 0.394177
0.099398 0.079716
0.118907 0.079879
0.059645 -0.000155
b
0.000000 0.000000
0.000000 0.000000
0.000000 0.000000
0.000000 0.000000
0.000000 0.000000
c
0.497171 0.369924
0.494804 0.367525
0.009894 -0.000014
0.237993 0.179860
0.000000 0.000000


SRXNR

a
0.535148 0.394177
0.536291 0.378209
0.099244 0.079244
0.119267 0.079342
0.059608 -0.000261
b
0.000000 0.000000
0.000000 0.000000
0.000000 0.000000
0.000000 0.000000
0.000000 0.000000
c
0.494804 0.367525
0.485333 0.357931
0.009893 0.000000
0.236702 0.177526
0.000000 0.000000


iNR

a
0.000000 0.000000
0.000000 0.000000
0.317286 -0.230361
0.098882 -0.083567
0.058114 -0.082568
0.060581 -0.001673
b
0.000000 0.000000
0.000000 0.000000
-0.000000 0.000000
-0.000000 0.000000
0.000000 0.000000
0.000000 0.000000
c
0.000000 0.000000
0.000000 0.000000
0.037766 0.302656
-0.005059 0.008820
0.039071 0.304049
0.000000 0.000000


sNR

a
0.000000 0.000000
0.000000 0.000000
0.317986 0.218615
0.099244 0.079244
0.059622 0.079496
0.059608 -0.000261
b
0.000000 0.000000
0.000000 0.000000
0.000000 0.000000
0.000000 0.000000
0.000000 0.000000
0.000000 0.000000
c
0.000000 0.000000
0.000000 0.000000
0.237446 0.178085
0.009893 0.000000
0.236702 0.177526
0.000000 0.000000
VNR

a
1.000000 0.000000
0.996769 -0.005058
0.983843 -0.025290
0.980582 -0.027306
0.983722 -0.029728
0.983078 -0.031464
b
-0.500000 -0.866025
-0.500543 -0.869135
-0.502713 -0.881572
-0.504224 -0.882594
-0.501286 -0.884643
-0.501578 -0.885499
c
-0.500000 0.866025
-0.496598 0.861782
-0.482989 0.844810
-0.484130 0.844058
-0.475976 0.839662
-0.476268 0.838940


INR

a
0.534863 -0.398169
0.534863 -0.398169
0.098882 -0.083567
0.118695 -0.084241
0.060581 -0.001673
b
-0.000000 0.000000
-0.000000 0.000000
-0.000000 0.000000
-0.000000 0.000000
-0.000000 0.000000
c
0.071778 0.615525
0.071778 0.615525
-0.005059 0.008820
0.039071 0.304049
0.000000 0.000000


STXNR

a
0.534863 0.398169
0.535148 0.394177
0.099398 0.079716
0.118907 0.079879
0.059645 -0.000155
b
0.000000 0.000000
0.000000 0.000000
0.000000 0.000000
0.000000 0.000000
0.000000 0.000000
c
0.497171 0.369924
0.494804 0.367525
0.009894 -0.000014
0.237993 0.179860
0.000000 0.000000


SRXNR

a
0.535148 0.394177
0.536291 0.378209
0.099244 0.079244
0.119267 0.079342
0.059608 -0.000261
b
0.000000 0.000000
0.000000 0.000000
0.000000 0.000000
0.000000 0.000000
0.000000 0.000000
c
0.494804 0.367525
0.485333 0.357931
0.009893 0.000000
0.236702 0.177526
0.000000 0.000000


iNR

a
0.000000 0.000000
0.000000 0.000000
0.317286 -0.230361
0.098882 -0.083567
0.058114 -0.082568
0.060581 -0.001673
b
0.000000 0.000000
0.000000 0.000000
-0.000000 0.000000
-0.000000 0.000000
0.000000 0.000000
0.000000 0.000000
c
0.000000 0.000000
0.000000 0.000000
0.037766 0.302656
-0.005059 0.008820
0.039071 0.304049
0.000000 0.000000


sNR

a
0.000000 0.000000
0.000000 0.000000
0.317986 0.218615
0.099244 0.079244
0.059622 0.079496
0.059608 -0.000261
b
0.000000 0.000000
0.000000 0.000000
0.000000 0.000000
0.000000 0.000000
0.000000 0.000000
0.000000 0.000000
c
0.000000 0.000000
0.000000 0.000000
0.237446 0.178085
0.009893 0.000000
0.236702 0.177526
0.000000 0.000000
VNR

a
1.000000 0.000000
0.996769 -0.005058
0.983843 -0.025290
0.980582 -0.027306
0.983722 -0.029728
0.983078 -0.031464
b
-0.500000 -0.866025
-0.500543 -0.869135
-0.502713 -0.881572
-0.504224 -0.882594
-0.501286 -0.884643
-0.501578 -0.885499
c
-0.500000 0.866025
-0.496598 0.861782
-0.482989 0.844810
-0.484130 0.844058
-0.475976 0.839662
-0.476268 0.838940


INR

a
0.534863 -0.398169
0.534863 -0.398169
0.098882 -0.083567
0.118695 -0.084241
0.060581 -0.001673
b
-0.000000 0.000000
-0.000000 0.000000
-0.000000 0.000000
-0.000000 0.000000
-0.000000 0.000000
c
0.071778 0.615525
0.071778 0.615525
-0.005059 0.008820
0.039071 0.304049
0.000000 0.000000


STXNR

a
0.534863 0.398169
0.535148 0.394177
0.099398 0.079716
0.118907 0.079879
0.059645 -0.000155
b
0.000000 0.000000
0.000000 0.000000
0.000000 0.000000
0.000000 0.000000
0.000000 0.000000
c
0.497171 0.369924
0.494804 0.367525
0.009894 -0.000014
0.237993 0.179860
0.000000 0.000000


SRXNR

a
0.535148 0.394177
0.536291 0.378209
0.099244 0.079244
0.119267 0.079342
0.059608 -0.000261
b
0.000000 0.000000
0.000000 0.000000
0.000000 0.000000
0.000000 0.000000
0.000000 0.000000
c
0.494804 0.367525
0.485333 0.357931
0.009893 0.000000
0.236702 0.177526
0.000000 0.000000


iNR

a
0.000000 0.000000
0.000000 0.000000
0.317286 -0.230361
0.098882 -0.083567
0.058114 -0.082568
0.060581 -0.001673
b
0.000000 0.000000
0.000000 0.000000
-0.000000 0.000000
-0.000000 0.000000
0.000000 0.000000
0.000000 0.000000
c
0.000000 0.000000
0.000000 0.000000
0.037766 0.302656
-0.005059 0.008820
0.039071 0.304049
0.000000 0.000000


sNR

a
0.000000 0.000000
0.000000 0.000000
0.317986 0.218615
0.099244 0.079244
0.059622 0.079496
0.059608 -0.000261
b
0.000000 0.000000
0.000000 0.000000
0.000000 0.000000
0.000000 0.000000
0.000000 0.000000
0.000000 0.000000
c
0.000000 0.000000
0.000000 0.000000
0.237446 0.178085
0.009893 0.000000
0.236702 0.177526
0.000000 0.000000
VNR

a
1.000000 0.000000
0.996769 -0.005058
0.983843 -0.025290
0.980582 -0.027306
0.983722 -0.029728
0.983078 -0.031464
b
-0.500000 -0.866025
-0.500543 -0.869135
-0.502713 -0.881572
-0.504224 -0.882594
-0.501286 -0.884643
-0.501578 -0.885499
c
-0.500000 0.866025
-0.496598 0.861782
-0.482989 0.844810
-0.484130 0.844058
-0.475976 0.839662
-0.476268 0.838940


INR

a
0.534863 -0.398169
0.534863 -0.398169
0.098882 -0.083567
0.118695 -0.084241
0.060581 -0.001673
b
-0.000000 0.000000
-0.000000 0.000000
-0.000000 0.000000
-0.000000 0.000000
-0.000000 0.000000
c
0.071778 0.615525
0.071778 0.615525
-0.005059 0.008820
0.039071 0.304049
0.000000 0.000000


STXNR

a
0.534863 0.398169
0.535148 0.394177
0.099398 0.079716
0.118907 0.079879
0.059645 -0.000155
b
0.000000 0.000000
0.000000 0.000000
0.000000 0.000000
0.000000 0.000000
0.000000 0.000000
c
0.497171 0.369924
0.494804 0.367525
0.009894 -0.000014
0.237993 0.179860
0.000000 0.000000


SRXNR

a
0.535148 0.394177
0.536291 0.378209
0.099244 0.079244
0.119267 0.079342
0.059608 -0.000261
b
0.000000 0.000000
0.000000 0.000000
0.000000 0.000000
0.000000 0.000000
0.000000 0.000000
c
0.494804 0.367525
0.485333 0.357931
0.009893 0.000000
0.236702 0.177526
0.000000 0.000000


iNR

a
0.000000 0.000000
0.000000 0.000000
0.317286 -0.230361
0.098882 -0.083567
0.058114 -0.082568
0.060581 -0.001673
b
0.000000 0.000000
0.000000 0.000000
-0.000000 0.000000
-0.000000 0.000000
0.000000 0.000000
0.000000 0.000000
c
0.000000 0.000000
0.000000 0.000000
0.037766 0.302656
-0.005059 0.008820
0.039071 0.304049
0.000000 0.000000


sNR

a
0.000000 0.000000
0.000000 0.000000
0.317986 0.218615
0.099244 0.079244
0.059622 0.079496
0.059608 -0.000261
b
0.000000 0.000000
0.000000 0.000000
0.000000 0.000000
0.000000 0.000000
0.000000 0.000000
0.000000 0.000000
c
0.000000 0.000000
0.000000 0.000000
0.237446 0.178085
0.009893 0.000000
0.236702 0.177526
0.000000 0.000000
VNR

a
1.000000 0.000000
0.996769 -0.005058
0.983843 -0.025290
0.980582 -0.027306
0.983722 -0.029728
0.983078 -0.031464
b
-0.500000 -0.866025
-0.500543 -0.869135
-0.502713 -0.881572
-0.504224 -0.882594
-0.501286 -0.884643
-0.501578 -0.885499
c
-0.500000 0.866025
-0.496598 0.861782
-0.482989 0.844810
-0.484130 0.844058
-0.475976 0.839662
-0.476268 0.838940


INR

a
0.534863 -0.398169
0.534863 -0.398169
0.098882 -0.083567
0.118695 -0.084241
0.060581 -0.001673
b
-0.000000 0.000000
-0.000000 0.000000
-0.000000 0.000000
-0.000000 0.000000
-0.000000 0.000000
c
0.071778 0.615525
0.071778 0.615525
-0.005059 0.008820
0.039071 0.304049
0.000000 0.000000


STXNR

a
0.534863 0.398169
0.535148 0.394177
0.099398 0.079716
0.118907 0.079879
0.059645 -0.000155
b
0.000000 0.000000
0.000000 0.000000
0.000000 0.000000
0.000000 0.000000
0.000000 0.000000
c
0.497171 0.369924
0.494804 0.367525
0.009894 -0.000014
0.237993 0.179860
0.000000 0.000000


SRXNR

a
0.535148 0.394177
0.536291 0.378209
0.099244 0.079244
0.119267 0.079342
0.059608 -0.000261
b
0.000000 0.000000
0.000000 0.000000
0.000000 0.000000
0.000000 0.000000
0.000000 0.000000
c
0.494804 0.367525
0.485333 0.357931
0.009893 0.000000
0.236702 0.177526
0.000000 0.000000


iNR

a
0.000000 0.000000
0.000000 0.000000
0.317286 -0.230361
0.098882 -0.083567
0.058114 -0.082568
0.060581 -0.001673
b
0.000000 0.000000
0.000000 0.000000
-0.000000 0.000000
-0.000000 0.000000
0.000000 0.000000
0.000000 0.000000
c
0.000000 0.000000
0.000000 0.000000
0.037766 0.302656
-0.005059 0.008820
0.039071 0.304049
0.000000 0.000000


sNR

a
0.000000 0.000000
0.000000 0.000000
0.317986 0.218615
0.099244 0.079244
0.059622 0.079496
0.059608 -0.000261
b
0.000000 0.000000
0.000000 0.000000
0.000000 0.000000
0.000000 0.000000
0.000000 0.000000
0.000000 0.000000
c
0.000000 0.000000
0.000000 0.000000
0.237446 0.178085
0.009893 0.000000
0.236702 0.177526
0.000000 0.000000
VNR

a
1.000000 0.000000
0.996769 -0.005058
0.983843 -0.025290
0.980582 -0.027306
0.983722 -0.029728
0.983078 -0.031464
b
-0.500000 -0.866025
-0.500543 -0.869135
-0.502713 -0.881572
-0.504224 -0.882594
-0.501286 -0.884643
-0.501578 -0.885499
c
-0.500000 0.866025
-0.496598 0.861782
-0.482989 0.844810
-0.484130 0.844058
-0.475976 0.839662
-0.476268 0.838940


INR

a
0.534863 -0.398169
0.534863 -0.398169
0.098882 -0.083567
0.118695 -0.084241
0.060581 -0.001673
b
-0.000000 0.000000
-0.000000 0.000000
-0.000000 0.000000
-0.000000 0.000000
-0.000000 0.000000
c
0.071778 0.615525
0.071778 0.615525
-0.005059 0.008820
0.039071 0.304049
0.000000 0.000000


STXNR

a
0.534863 0.398169
0.535148 0.394177
0.099398 0.079716
0.118907 0.079879
0.059645 -0.000155
b
0.000000 0.000000
0.000000 0.000000
0.000000 0.000000
0.000000 0.000000
0.000000 0.000000
c
0.497171 0.369924
0.494804 0.367525
0.009894 -0.000014
0.237993 0.179860
0.000000 0.000000


SRXNR

a
0.535148 0.394177
0.536291 0.378209
0.099244 0.079244
0.119267 0.079342
0.059608 -0.000261
b
0.000000 0.000000
0.000000 0.000000
0.000000 0.000000
0.000000 0.000000
0.000000 0.000000
c
0.494804 0.367525
0.485333 0.357931
0.009893 0.000000
0.236702 0.177526
0.000000 0.000000


iNR

a
0.000000 0.000000
0.000000 0.000000
0.317286 -0.230361
0.098882 -0.083567
0.058114 -0.082568
0.060581 -0.001673
b
0.000000 0.000000
0.000000 0.000000
-0.000000 0.000000
-0.000000 0.000000
0.000000 0.000000
0.000000 0.000000
c
0.000000 0.000000
0.000000 0.000000
0.037766 0.302656
-0.005059 0.008820
0.039071 0.304049
0.000000 0.000000


sNR

a
0.000000 0.000000
0.000000 0.000000
0.317986 0.218615
0.099244 0.079244
0.059622 0.079496
0.059608 -0.000261
b
0.000000 0.000000
0.000000 0.000000
0.000000 0.000000
0.000000 0.000000
0.000000 0.000000
0.000000 0.000000
c
0.000000 0.000000
0.000000 0.000000
0.237446 0.178085
0.009893 0.000000
0.236702 0.177526
0.000000 0.000000
VNR

a
1.000000 0.000000
0.996769 -0.005058
0.983843 -0.025290
0.980582 -0.027306
0.983722 -0.029728
0.983078 -0.031464
b
-0.500000 -0.866025
-0.500543 -0.869135
-0.502713 -0.881572
-0.504224 -0.882594
-0.501286 -0.884643
-0.501578 -0.885499
c
-0.500000 0.866025
-0.496598 0.861782
-0.482989 0.844810
-0.484130 0.844058
-0.475976 0.839662
-0.476268 0.838940


INR

a
0.534863 -0.398169
0.534863 -0.398169
0.098882 -0.083567
0.118695 -0.084241
0.060581 -0.001673
b
-0.000000 0.000000
-0.000000 0.000000
-0.000000 0.000000
-0.000000 0.000000
-0.000000 0.000000
c
0.071778 0.615525
0.071778 0.615525
-0.005059 0.008820
0.039071 0.304049
0.000000 0.000000


STXNR

a
0.534863 0.398169
0.535148 0.394177
0.099398 0.079716
0.118907 0.079879
0.059645 -0.000155
b
0.000000 0.000000
0.000000 0.000000
0.000000 0.000000
0.000000 0.000000
0.000000 0.000000
c
0.497171 0.369924
0.494804 0.367525
0.009894 -0.000014
0.237993 0.179860
0.000000 0.000000


SRXNR

a
0.535148 0.394177
0.536291 0.378209
0.099244 0.079244
0.119267 0.079342
0.059608 -0.000261
b
0.000000 0.000000
0.000000 0.000000
0.000000 0.000000
0.000000 0.000000
0.000000 0.000000
c
0.494804 0.367525
0.485333 0.357931
0.009893 0.000000
0.236702 0.177526
0.000000 0.000000


iNR

a
0.000000 0.000000
0.000000 0.000000
0.317286 -0.230361
0.098882 -0.083567
0.058114 -0.082568
0.060581 -0.001673
b
0.000000 0.000000
0.000000 0.000000
-0.000000 0.000000
-0.000000 0.000000
0.000000 0.000000
0.000000 0.000000
c
0.000000 0.000000
0.000000 0.000000
0.037766 0.302656
-0.005059 0.008820
0.039071 0.304049
0.000000 0.000000


sNR

a
0.000000 0.000000
0.000000 0.000000
0.317986 0.218615
0.099244 0.079244
0.059622 0.079496
0.059608 -0.000261
b
0.000000 0.000000
0.000000 0.000000
0.000000 0.000000
0.000000 0.000000
0.000000 0.000000
0.000000 0.000000
c
0.000000 0.000000
0.000000 0.000000
0.237446 0.178085
0.009893 0.000000
0.236702 0.177526
0.000000 0.000000
VNR

a
1.000000 0.000000
0.996769 -0.005058
0.983843 -0.025290
0.980582 -0.027306
0.983722 -0.029728
0.983078 -0.031464
b
-0.500000 -0.866025
-0.500543 -0.869135
-0.502713 -0.881572
-0.504224 -0.882594
-0.501286 -0.884643
-0.501578 -0.885499
c
-0.500000 0.866025
-0.496598 0.861782
-0.482989 0.844810
-0.484130 0.844058
-0.475976 0.839662
-0.476268 0.838940


INR

a
0.534863 -0.398169
0.534863 -0.398169
0.098882 -0.083567
0.118695 -0.084241
0.060581 -0.001673
b
-0.000000 0.000000
-0.000000 0.000000
-0.000000 0.000000
-0.000000 0.000000
-0.000000 0.000000
c
0.071778 0.615525
0.071778 0.615525
-0.005059 0.008820
0.039071 0.304049
0.000000 0.000000


STXNR

a
0.534863 0.398169
0.535148 0.394177
0.099398 0.079716
0.118907 0.079879
0.059645 -0.000155
b
0.000000 0.000000
0.000000 0.000000
0.000000 0.000000
0.000000 0.000000
0.000000 0.000000
c
0.497171 0.369924
0.494804 0.367525
0.009894 -0.000014
0.237993 0.179860
0.000000 0.000000


SRXNR

a
0.535148 0.394177
0.536291 0.378209
0.099244 0.079244
0.119267 0.079342
0.059608 -0.000261
b
0.000000 0.000000
0.000000 0.000000
0.000000 0.000000
0.000000 0.000000
0.000000 0.000000
c
0.494804 0.367525
0.485333 0.357931
0.009893 0.000000
0.236702 0.177526
0.000000 0.000000


iNR

a
0.000000 0.000000
0.000000 0.000000
0.317286 -0.230361
0.098882 -0.083567
0.058114 -0.082568
0.060581 -0.001673
b
0.000000 0.000000
0.000000 0.000000
-0.000000 0.000000
-0.000000 0.000000
0.000000 0.000000
0.000000 0.000000
c
0.000000 0.000000
0.000000 0.000000
0.037766 0.302656
-0.005059 0.008820
0.039071 0.304049
0.000000 0.000000


sNR

a
0.000000 0.000000
0.000000 0.000000
0.317986 0.218615
0.099244 0.079244
0.059622 0.079496
0.059608 -0.000261
b
0.000000 0.000000
0.000000 0.000000
0.000000 0.000000
0.000000 0.000000
0.000000 0.000000
0.000000 0.000000
c
0.000000 0.000000
0.000000 0.000000
0.237446 0.178085
0.009893 0.000000
0.236702 0.177526
0.000000 0.000000
VNR

a
1.000000 0.000000
0.996769 -0.005058
0.983843 -0.025290
0.980582 -0.027306
0.983722 -0.029728
0.983078 -0.031464
b
-0.500000 -0.866025
-0.500543 -0.869135
-0.502713 -0.881572
-0.504224 -0.882594
-0.501286 -0.884643
-0.501578 -0.885499
c
-0.500000 0.866025
-0.496598 0.861782
-0.482989 0.844810
-0.484130 0.844058
-0.475976 0.839662
-0.476268 0.838940


INR

a
0.534863 -0.398169
0.534863 -0.398169
0.098882 -0.083567
0.118695 -0.084241
0.060581 -0.001673
b
-0.000000 0.000000
-0.000000 0.000000
-0.000000 0.000000
-0.000000 0.000000
-0.000000 0.000000
c
0.071778 0.615525
0.071778 0.615525
-0.005059 0.008820
0.039071 0.304049
0.000000 0.000000


STXNR

a
0.534863 0.398169
0.535148 0.394177
0.099398 0.079716
0.118907 0.079879
0.059645 -0.000155
b
0.000000 0.000000
0.000000 0.000000
0.000000 0.000000
0.000000 0.000000
0.000000 0.000000
c
0.497171 0.369924
0.494804 0.367525
0.009894 -0.000014
0.237993 0.179860
0.000000 0.000000


SRXNR

a
0.535148 0.394177
0.536291 0.378209
0.099244 0.079244
0.119267 0.079342
0.059608 -0.000261
b
0.000000 0.000000
0.000000 0.000000
0.000000 0.000000
0.000000 0.000000
0.000000 0.000000
c
0.494804 0.367525
0.485333 0.357931
0.009893 0.000000
0.236702 0.177526
0.000000 0.000000


iNR

a
0.000000 0.000000
0.000000 0.000000
0.317286 -0.230361
0.098882 -0.083567
0.058114 -0.082568
0.060581 -0.001673
b
0.000000 0.000000
0.000000 0.000000
-0.000000 0.000000
-0.000000 0.000000
0.000000 0.000000
0.000000 0.000000
c
0.000000 0.000000
0.000000 0.000000
0.037766 0.302656
-0.005059 0.008820
0.039071 0.304049
0.000000 0.000000


sNR

a
0.000000 0.000000
0.000000 0.000000
0.317986 0.218615
0.099244 0.079244
0.059622 0.079496
0.059608 -0.000261
b
0.000000 0.000000
0.000000 0.000000
0.000000 0.000000
0.000000 0.000000
0.000000 0.000000
0.000000 0.000000
c
0.000000 0.000000
0.000000 0.000000
0.237446 0.178085
0.009893 0.000000
0.236702 0.177526
0.000000 0.000000
VNR

a
1.000000 0.000000
0.996769 -0.005058
0.983843 -0.025290
0.980582 -0.027306
0.983722 -0.029728
0.983078 -0.031464
b
-0.500000 -0.866025
-0.500543 -0.869135
-0.502713 -0.881572
-0.504224 -0.882594
-0.501286 -0.884643
-0.501578 -0.885499
c
-0.500000 0.866025
-0.496598 0.861782
-0.482989 0.844810
-0.484130 0.844058
-0.475976 0.839662
-0.476268 0.838940


INR

a
0.534863 -0.398169
0.534863 -0.398169
0.098882 -0.083567
0.118695 -0.084241
0.060581 -0.001673
b
-0.000000 0.000000
-0.000000 0.000000
-0.000000 0.000000
-0.000000 0.000000
-0.000000 0.000000
c
0.071778 0.615525
0.071778 0.615525
-0.005059 0.008820
0.039071 0.304049
0.000000 0.000000


STXNR

a
0.534863 0.398169
0.535148 0.394177
0.099398 0.079716
0.118907 0.079879
0.059645 -0.000155
b
0.000000 0.000000
0.000000 0.000000
0.000000 0.000000
0.000000 0.000000
0.000000 0.000000
c
0.497171 0.369924
0.494804 0.367525
0.009894 -0.000014
0.237993 0.179860
0.000000 0.000000


SRXNR

a
0.535148 0.394177
0.536291 0.378209
0.099244 0.079244
0.119267 0.079342
0.059608 -0.000261
b
0.000000 0.000000
0.000000 0.000000
0.000000 0.000000
0.000000 0.000000
0.000000 0.000000
c
0.494804 0.367525
0.485333 0.357931
0.009893 0.000000
0.236702 0.177526
0.000000 0.000000


iNR

a
0.000000 0.000000
0.000000 0.000000
0.317286 -0.230361
0.098882 -0.083567
0.058114 -0.082568
0.060581 -0.001673
b
0.000000 0.000000
0.000000 0.000000
-0.000000 0.000000
-0.000000 0.000000
0.000000 0.000000
0.000000 0.000000
c
0.000000 0.000000
0.000000 0.000000
0.037766 0.302656
-0.005059 0.008820
0.039071 0.304049
0.000000 0.000000


sNR

a
0.000000 0.000000
0.000000 0.000000
0.317986 0.218615
0.099244 0.079244
0.059622 0.079496
0.059608 -0.000261
b
0.000000 0.000000
0.000000 0.000000
0.000000 0.000000
0.000000 0.000000
0.000000 0.000000
0.000000 0.000000
c
0.000000 0.000000
0.000000 0.000000
0.237446 0.178085
0.009893 0.000000
0.236702 0.177526
0.000000 0.000000
VNR

a
1.000000 0.000000
0.996769 -0.005058
0.983843 -0.025290
0.980582 -0.027306
0.983722 -0.029728
0.983078 -0.031464
b
-0.500000 -0.866025
-0.500543 -0.869135
-0.502713 -0.881572
-0.504224 -0.882594
-0.501286 -0.884643
-0.501578 -0.885499
c
-0.500000 0.866025
-0.496598 0.861782
-0.482989 0.844810
-0.484130 0.844058
-0.475976 0.839662
-0.476268 0.838940


INR

a
0.534863 -0.398169
0.534863 -0.398169
0.098882 -0.083567
0.118695 -0.084241
0.060581 -0.001673
b
-0.000000 0.000000
-0.000000 0.000000
-0.000000 0.000000
-0.000000 0.000000
-0.000000 0.000000
c
0.071778 0.615525
0.071778 0.615525
-0.005059 0.008820
0.039071 0.304049
0.000000 0.000000


STXNR

a
0.534863 0.398169
0.535148 0.394177
0.099398 0.079716
0.118907 0.079879
0.059645 -0.000155
b
0.000000 0.000000
0.000000 0.000000
0.000000 0.000000
0.000000 0.000000
0.000000 0.000000
c
0.497171 0.369924
0.494804 0.367525
0.009894 -0.000014
0.237993 0.179860
0.000000 0.000000


SRXNR

a
0.535148 0.394177
0.536291 0.378209
0.099244 0.079244
0.119267 0.079342
0.059608 -0.000261
b
0.000000 0.000000
0.000000 0.000000
0.000000 0.000000
0.000000 0.000000
0.000000 0.000000
c
0.494804 0.367525
0.485333 0.357931
0.009893 0.000000
0.236702 0.177526
0.000000 0.000000


iNR

a
0.000000 0.000000
0.000000 0.000000
0.317286 -0.230361
0.098882 -0.083567
0.058114 -0.082568
0.060581 -0.001673
b
0.000000 0.000000
0.000000 0.000000
-0.000000 0.000000
-0.000000 0.000000
0.000000 0.000000
0.000000 0.000000
c
0.000000 0.000000
0.000000 0.000000
0.037766 0.302656
-0.005059 0.008820
0.039071 0.304049
0.000000 0.000000


sNR

a
0.000000 0.000000
0.000000 0.000000
0.317986 0.218615
0.099244 0.079244
0.059622 0.079496
0.059608 -0.000261
b
0.000000 0.000000
0.000000 0.000000
0.000000 0.000000
0.000000 0.000000
0.000000 0.000000
0.000000 0.000000
c
0.000000 0.000000
0.000000 0.000000
0.237446 0.178085
0.009893 0.000000
0.236702 0.177526
0.000000 0.000000
VNR

a
1.000000 0.000000
0.996769 -0.005058
0.983843 -0.025290
0.980582 -0.027306
0.983722 -0.029728
0.983078 -0.031464
b
-0.500000 -0.866025
-0.500543 -0.869135
-0.502713 -0.881572
-0.504224 -0.882594
-0.501286 -0.884643
-0.501578 -0.885499
c
-0.500000 0.866025
-0.496598 0.861782
-0.482989 0.844810
-0.484130 0.844058
-0.475976 0.839662
-0.476268 0.838940


INR

a
0.534863 -0.398169
0.534863 -0.398169
0.098882 -0.083567
0.118695 -0.084241
0.060581 -0.001673
b
-0.000000 0.000000
-0.000000 0.000000
0.000000 0.000000
-0.000000 0.000000
-0.000000 0.000000
c
0.071778 0.615525
0.071778 0.615525
-0.005059 0.008820
0.039071 0.304049
0.000000 0.000000


STXNR

a
0.534863 0.398169
0.535148 0.394177
0.099398 0.079716
0.118907 0.079879
0.059645 -0.000155
b
0.000000 0.000000
0.000000 0.000000
-0.000000 0.000000
0.000000 0.000000
0.000000 0.000000
c
0.497171 0.369924
0.494804 0.367525
0.009894 -0.000014
0.237993 0.179860
0.000000 0.000000


SRXNR

a
0.535148 0.394177
0.536291 0.378209
0.099244 0.079244
0.119267 0.079342
0.059608 -0.000261
b
0.000000 0.000000
0.000000 0.000000
-0.000000 0.000000
0.000000 0.000000
0.000000 0.000000
c
0.494804 0.367525
0.485333 0.357931
0.009893 0.000000
0.236702 0.177526
0.000000 0.000000


iNR

a
0.000000 0.000000
0.000000 0.000000
0.317286 -0.230361
0.098882 -0.083567
0.058114 -0.082568
0.060581 -0.001673
b
0.000000 0.000000
0.000000 0.000000
-0.000000 0.000000
-0.000000 0.000000
0.000000 0.000000
0.000000 0.000000
c
0.000000 0.000000
0.000000 0.000000
0.037766 0.302656
-0.005059 0.008820
0.039071 0.304049
0.000000 0.000000


sNR

a
0.000000 0.000000
0.000000 0.000000
0.317986 0.218615
0.099244 0.079244
0.059622 0.079496
0.059608 -0.000261
b
0.000000 0.000000
0.000000 0.000000
0.000000 0.000000
0.000000 0.000000
0.000000 0.000000
0.000000 0.000000
c
0.000000 0.000000
0.000000 0.000000
0.237446 0.178085
0.009893 0.000000
0.236702 0.177526
0.000000 0.000000
VNR

a
1.000000 0.000000
0.996769 -0.005058
0.983843 -0.025290
0.980582 -0.027306
0.983722 -0.029728
0.983078 -0.031464
b
-0.500000 -0.866025
-0.500543 -0.869135
-0.502713 -0.881572
-0.504224 -0.882594
-0.501286 -0.884643
-0.501578 -0.885499
c
-0.500000 0.866025
-0.496598 0.861782
-0.482989 0.844810
-0.484130 0.844058
-0.475976 0.839662
-0.476268 0.838940


INR

a
0.534863 -0.398169
0.534863 -0.398169
0.098882 -0.083567
0.118695 -0.084241
0.060581 -0.001673
b
-0.000000 0.000000
-0.000000 0.000000
0.000000 0.000000
-0.000000 0.000000
-0.000000 0.000000
c
0.071778 0.615525
0.071778 0.615525
-0.005059 0.008820
0.039071 0.304049
0.000000 0.000000


STXNR

a
0.534863 0.398169
0.535148 0.394177
0.099398 0.079716
0.118907 0.079879
0.059645 -0.000155
b
0.000000 0.000000
0.000000 0.000000
-0.000000 0.000000
0.000000 0.000000
0.000000 0.000000
c
0.497171 0.369924
0.494804 0.367525
0.009894 -0.000014
0.237993 0.179860
0.000000 0.000000


SRXNR

a
0.535148 0.394177
0.536291 0.378209
0.099244 0.079244
0.119267 0.079342
0.059608 -0.000261
b
0.000000 0.000000
0.000000 0.000000
-0.000000 0.000000
0.000000 0.000000
0.000000 0.000000
c
0.494804 0.367525
0.485333 0.357931
0.009893 0.000000
0.236702 0.177526
0.000000 0.000000


iNR

a
0.000000 0.000000
0.000000 0.000000
0.317286 -0.230361
0.098882 -0.083567
0.058114 -0.082568
0.060581 -0.001673
b
0.000000 0.000000
0.000000 0.000000
-0.000000 0.000000
-0.000000 0.000000
0.000000 0.000000
0.000000 0.000000
c
0.000000 0.000000
0.000000 0.000000
0.037766 0.302656
-0.005059 0.008820
0.039071 0.304049
0.000000 0.000000


sNR

a
0.000000 0.000000
0.000000 0.000000
0.317986 0.218615
0.099244 0.079244
0.059622 0.079496
0.059608 -0.000261
b
0.000000 0.000000
0.000000 0.000000
0.000000 0.000000
0.000000 0.000000
0.000000 0.000000
0.000000 0.000000
c
0.000000 0.000000
0.000000 0.000000
0.237446 0.178085
0.009893 0.000000
0.236702 0.177526
0.000000 0.000000
VNR

a
1.000000 0.000000
0.996769 -0.005058
0.983843 -0.025290
0.980582 -0.027306
0.983722 -0.029728
0.983078 -0.031464
b
-0.500000 -0.866025
-0.500543 -0.869135
-0.502713 -0.881572
-0.504224 -0.882594
-0.501286 -0.884643
-0.501578 -0.885499
c
-0.500000 0.866025
-0.496598 0.861782
-0.482989 0.844810
-0.484130 0.844058
-0.475976 0.839662
-0.476268 0.838940


INR

a
0.534863 -0.398169
0.534863 -0.398169
0.098882 -0.083567
0.118695 -0.084241
0.060581 -0.001673
b
-0.000000 0.000000
-0.000000 0.000000
0.000000 0.000000
-0.000000 0.000000
-0.000000 0.000000
c
0.071778 0.615525
0.071778 0.615525
-0.005059 0.008820
0.039071 0.304049
0.000000 0.000000


STXNR

a
0.534863 0.398169
0.535148 0.394177
0.099398 0.079716
0.118907 0.079879
0.059645 -0.000155
b
0.000000 0.000000
0.000000 0.000000
-0.000000 0.000000
0.000000 0.000000
0.000000 0.000000
c
0.497171 0.369924
0.494804 0.367525
0.009894 -0.000014
0.237993 0.179860
0.000000 0.000000


SRXNR

a
0.535148 0.394177
0.536291 0.378209
0.099244 0.079244
0.119267 0.079342
0.059608 -0.000261
b
0.000000 0.000000
0.000000 0.000000
-0.000000 0.000000
0.000000 0.000000
0.000000 0.000000
c
0.494804 0.367525
0.485333 0.357931
0.009893 0.000000
0.236702 0.177526
0.000000 0.000000


iNR

a
0.000000 0.000000
0.000000 0.000000
0.317286 -0.230361
0.098882 -0.083567
0.058114 -0.082568
0.060581 -0.001673
b
0.000000 0.000000
0.000000 0.000000
-0.000000 0.000000
-0.000000 0.000000
0.000000 0.000000
0.000000 0.000000
c
0.000000 0.000000
0.000000 0.000000
0.037766 0.302656
-0.005059 0.008820
0.039071 0.304049
0.000000 0.000000


sNR

a
0.000000 0.000000
0.000000 0.000000
0.317986 0.218615
0.099244 0.079244
0.059622 0.079496
0.059608 -0.000261
b
0.000000 0.000000
0.000000 0.000000
0.000000 0.000000
0.000000 0.000000
0.000000 0.000000
0.000000 0.000000
c
0.000000 0.000000
0.000000 0.000000
0.237446 0.178085
0.009893 0.000000
0.236702 0.177526
0.000000 0.000000
VNR

a
1.000000 0.000000
0.996769 -0.005058
0.983843 -0.025290
0.980582 -0.027306
0.983722 -0.029728
0.983078 -0.031464
b
-0.500000 -0.866025
-0.500543 -0.869135
-0.502713 -0.881572
-0.504224 -0.882594
-0.501286 -0.884643
-0.501578 -0.885499
c
-0.500000 0.866025
-0.496598 0.861782
-0.482989 0.844810
-0.484130 0.844058
-0.475976 0.839662
-0.476268 0.838940


INR

a
0.534863 -0.398169
0.534863 -0.398169
0.098882 -0.083567
0.118695 -0.084241
0.060581 -0.001673
b
-0.000000 0.000000
-0.000000 0.000000
0.000000 0.000000
-0.000000 0.000000
-0.000000 0.000000
c
0.071778 0.615525
0.071778 0.615525
-0.005059 0.008820
0.039071 0.304049
0.000000 0.000000


STXNR

a
0.534863 0.398169
0.535148 0.394177
0.099398 0.079716
0.118907 0.079879
0.059645 -0.000155
b
0.000000 0.000000
0.000000 0.000000
-0.000000 0.000000
0.000000 0.000000
0.000000 0.000000
c
0.497171 0.369924
0.494804 0.367525
0.009894 -0.000014
0.237993 0.179860
0.000000 0.000000


SRXNR

a
0.535148 0.394177
0.536291 0.378209
0.099244 0.079244
0.119267 0.079342
0.059608 -0.000261
b
0.000000 0.000000
0.000000 0.000000
-0.000000 0.000000
0.000000 0.000000
0.000000 0.000000
c
0.494804 0.367525
0.485333 0.357931
0.009893 0.000000
0.236702 0.177526
0.000000 0.000000


iNR

a
0.000000 0.000000
0.000000 0.000000
0.317286 -0.230361
0.098882 -0.083567
0.058114 -0.082568
0.060581 -0.001673
b
0.000000 0.000000
0.000000 0.000000
-0.000000 0.000000
-0.000000 0.000000
0.000000 0.000000
0.000000 0.000000
c
0.000000 0.000000
0.000000 0.000000
0.037766 0.302656
-0.005059 0.008820
0.039071 0.304049
0.000000 0.000000


sNR

a
0.000000 0.000000
0.000000 0.000000
0.317986 0.218615
0.099244 0.079244
0.059622 0.079496
0.059608 -0.000261
b
0.000000 0.000000
0.000000 0.000000
0.000000 0.000000
0.000000 0.000000
0.000000 0.000000
0.000000 0.000000
c
0.000000 0.000000
0.000000 0.000000
0.237446 0.178085
0.009893 0.000000
0.236702 0.177526
0.000000 0.000000
