VNR

a
1.000000 0.000000
0.996621 -0.002860
0.983103 -0.014300
0.979973 -0.014245
0.982783 -0.018565
0.982158 -0.020309
b
-0.500000 -0.866025
-0.500851 -0.864412
-0.504255 -0.857957
-0.505485 -0.854568
-0.503255 -0.860586
-0.503537 -0.861446
c
-0.500000 0.866025
-0.496618 0.863537
-0.483089 0.853584
-0.484007 0.854468
-0.476270 0.848588
-0.476554 0.847862


INR

a
0.539798 -0.392159
0.539798 -0.392159
0.100040 -0.082282
0.119731 -0.082935
0.060642 -0.000969
b
-0.425284 -0.168647
-0.425284 -0.168647
-0.137572 -0.035310
-0.010115 -0.017297
0.000000 0.000000
c
0.074075 0.612187
0.074075 0.612187
-0.004983 0.008797
0.040163 0.302352
0.000000 0.000000


STXNR

a
0.539798 0.392159
0.539095 0.389290
0.099527 0.079461
0.118894 0.079822
0.059616 -0.000174
b
0.358695 0.283983
0.358784 0.283154
0.099666 0.100225
0.019940 -0.000044
0.000000 0.000000
c
0.493132 0.370244
0.491859 0.367989
0.009916 -0.000004
0.238681 0.180345
0.000000 0.000000


SRXNR

a
0.539095 0.389290
0.536285 0.377814
0.099209 0.079209
0.119209 0.079284
0.059580 -0.000280
b
0.358784 0.283154
0.359143 0.279834
0.099716 0.099716
0.019975 0.000000
0.000000 0.000000
c
0.491859 0.367989
0.486768 0.358970
0.009929 0.000000
0.237444 0.178083
0.000000 0.000000


iNR

a
0.000000 0.000000
0.000000 0.000000
0.144802 -0.102684
0.027976 -0.008092
0.013345 -0.018511
0.025841 0.023286
b
0.000000 0.000000
0.000000 0.000000
-0.076051 -0.031790
-0.039246 -0.010073
-0.001364 -0.002332
0.000000 0.000000
c
0.000000 0.000000
0.000000 0.000000
0.011797 0.091308
-0.001307 0.002308
0.015219 0.114573
0.000000 0.000000


sNR

a
0.000000 0.000000
0.000000 0.000000
0.143824 0.098879
0.027531 0.007531
0.013459 0.017945
0.024907 -0.023395
b
0.000000 0.000000
0.000000 0.000000
0.065624 0.049218
0.028446 0.028446
0.002693 0.000000
0.000000 0.000000
c
0.000000 0.000000
0.000000 0.000000
0.072240 0.054180
0.002605 0.000000
0.089977 0.067483
0.000000 0.000000
VNR

a
1.000000 0.000000
0.996621 -0.002860
0.983103 -0.014300
0.979973 -0.014245
0.982783 -0.018565
0.982158 -0.020309
b
-0.500000 -0.866025
-0.500851 -0.864412
-0.504255 -0.857957
-0.505485 -0.854568
-0.503255 -0.860586
-0.503537 -0.861446
c
-0.500000 0.866025
-0.496618 0.863537
-0.483089 0.853584
-0.484007 0.854468
-0.476270 0.848588
-0.476554 0.847862


INR

a
0.539798 -0.392159
0.539798 -0.392159
0.100040 -0.082282
0.119731 -0.082935
0.060642 -0.000969
b
-0.425284 -0.168647
-0.425284 -0.168647
-0.137572 -0.035310
-0.010115 -0.017297
0.000000 0.000000
c
0.074075 0.612187
0.074075 0.612187
-0.004983 0.008797
0.040163 0.302352
0.000000 0.000000


STXNR

a
0.539798 0.392159
0.539095 0.389290
0.099527 0.079461
0.118894 0.079822
0.059616 -0.000174
b
0.358695 0.283983
0.358784 0.283154
0.099666 0.100225
0.019940 -0.000044
0.000000 0.000000
c
0.493132 0.370244
0.491859 0.367989
0.009916 -0.000004
0.238681 0.180345
0.000000 0.000000


SRXNR

a
0.539095 0.389290
0.536285 0.377814
0.099209 0.079209
0.119209 0.079284
0.059580 -0.000280
b
0.358784 0.283154
0.359143 0.279834
0.099716 0.099716
0.019975 0.000000
0.000000 0.000000
c
0.491859 0.367989
0.486768 0.358970
0.009929 0.000000
0.237444 0.178083
0.000000 0.000000


iNR

a
0.000000 0.000000
0.000000 0.000000
0.152757 -0.108326
0.030445 -0.010633
0.016639 -0.023081
0.026330 0.022945
b
0.000000 0.000000
0.000000 0.000000
-0.076881 -0.032137
-0.034602 -0.008881
-0.001392 -0.002380
0.000000 0.000000
c
0.000000 0.000000
0.000000 0.000000
0.009924 0.076808
-0.001379 0.002435
0.017906 0.134803
0.000000 0.000000


sNR

a
0.000000 0.000000
0.000000 0.000000
0.151725 0.104311
0.029986 0.009986
0.016781 0.022374
0.025394 -0.023070
b
0.000000 0.000000
0.000000 0.000000
0.066340 0.049755
0.025080 0.025080
0.002749 0.000000
0.000000 0.000000
c
0.000000 0.000000
0.000000 0.000000
0.060768 0.045576
0.002748 0.000000
0.105864 0.079398
0.000000 0.000000
VNR

a
1.000000 0.000000
0.996621 -0.002860
0.983103 -0.014300
0.979973 -0.014245
0.982783 -0.018565
0.982158 -0.020309
b
-0.500000 -0.866025
-0.500851 -0.864412
-0.504255 -0.857957
-0.505485 -0.854568
-0.503255 -0.860586
-0.503537 -0.861446
c
-0.500000 0.866025
-0.496618 0.863537
-0.483089 0.853584
-0.484007 0.854468
-0.476270 0.848588
-0.476554 0.847862


INR

a
0.539798 -0.392159
0.539798 -0.392159
0.100040 -0.082282
0.119731 -0.082935
0.060642 -0.000969
b
-0.425284 -0.168647
-0.425284 -0.168647
-0.137572 -0.035310
-0.010115 -0.017297
0.000000 0.000000
c
0.074075 0.612187
0.074075 0.612187
-0.004983 0.008797
0.040163 0.302352
0.000000 0.000000


STXNR

a
0.539798 0.392159
0.539095 0.389290
0.099527 0.079461
0.118894 0.079822
0.059616 -0.000174
b
0.358695 0.283983
0.358784 0.283154
0.099666 0.100225
0.019940 -0.000044
0.000000 0.000000
c
0.493132 0.370244
0.491859 0.367989
0.009916 -0.000004
0.238681 0.180345
0.000000 0.000000


SRXNR

a
0.539095 0.389290
0.536285 0.377814
0.099209 0.079209
0.119209 0.079284
0.059580 -0.000280
b
0.358784 0.283154
0.359143 0.279834
0.099716 0.099716
0.019975 0.000000
0.000000 0.000000
c
0.491859 0.367989
0.486768 0.358970
0.009929 0.000000
0.237444 0.178083
0.000000 0.000000


iNR

a
0.000000 0.000000
0.000000 0.000000
0.147473 -0.104579
0.035430 -0.015765
0.013697 -0.019000
0.032203 0.018852
b
0.000000 0.000000
0.000000 0.000000
-0.076297 -0.031893
-0.042622 -0.010940
-0.001391 -0.002379
0.000000 0.000000
c
0.000000 0.000000
0.000000 0.000000
0.009835 0.076119
-0.001826 0.003223
0.021608 0.162669
0.000000 0.000000


sNR

a
0.000000 0.000000
0.000000 0.000000
0.146477 0.100703
0.034945 0.014945
0.013814 0.018418
0.031245 -0.019170
b
0.000000 0.000000
0.000000 0.000000
0.065836 0.049377
0.030894 0.030894
0.002747 0.000000
0.000000 0.000000
c
0.000000 0.000000
0.000000 0.000000
0.060223 0.045167
0.003638 0.000000
0.127747 0.095811
0.000000 0.000000
VNR

a
1.000000 0.000000
0.996621 -0.002860
0.983103 -0.014300
0.979973 -0.014245
0.982783 -0.018565
0.982158 -0.020309
b
-0.500000 -0.866025
-0.500851 -0.864412
-0.504255 -0.857957
-0.505485 -0.854568
-0.503255 -0.860586
-0.503537 -0.861446
c
-0.500000 0.866025
-0.496618 0.863537
-0.483089 0.853584
-0.484007 0.854468
-0.476270 0.848588
-0.476554 0.847862


INR

a
0.539798 -0.392159
0.539798 -0.392159
0.100040 -0.082282
0.119731 -0.082935
0.060642 -0.000969
b
-0.425284 -0.168647
-0.425284 -0.168647
-0.137572 -0.035310
-0.010115 -0.017297
0.000000 0.000000
c
0.074075 0.612187
0.074075 0.612187
-0.004983 0.008797
0.040163 0.302352
0.000000 0.000000


STXNR

a
0.539798 0.392159
0.539095 0.389290
0.099527 0.079461
0.118894 0.079822
0.059616 -0.000174
b
0.358695 0.283983
0.358784 0.283154
0.099666 0.100225
0.019940 -0.000044
0.000000 0.000000
c
0.493132 0.370244
0.491859 0.367989
0.009916 -0.000004
0.238681 0.180345
0.000000 0.000000


SRXNR

a
0.539095 0.389290
0.536285 0.377814
0.099209 0.079209
0.119209 0.079284
0.059580 -0.000280
b
0.358784 0.283154
0.359143 0.279834
0.099716 0.099716
0.019975 0.000000
0.000000 0.000000
c
0.491859 0.367989
0.486768 0.358970
0.009929 0.000000
0.237444 0.178083
0.000000 0.000000


iNR

a
0.000000 0.000000
0.000000 0.000000
0.156651 -0.111087
0.033142 -0.013410
0.015861 -0.022002
0.033503 0.017946
b
0.000000 0.000000
0.000000 0.000000
-0.076212 -0.031858
-0.060451 -0.015516
-0.001408 -0.002408
0.000000 0.000000
c
0.000000 0.000000
0.000000 0.000000
0.009841 0.076167
-0.001751 0.003090
0.024387 0.183587
0.000000 0.000000


sNR

a
0.000000 0.000000
0.000000 0.000000
0.155593 0.106970
0.032669 0.012669
0.015996 0.021329
0.032541 -0.018306
b
0.000000 0.000000
0.000000 0.000000
0.065763 0.049322
0.043817 0.043817
0.002781 0.000000
0.000000 0.000000
c
0.000000 0.000000
0.000000 0.000000
0.060261 0.045196
0.003488 0.000000
0.144175 0.108131
0.000000 0.000000
VNR

a
1.000000 0.000000
0.996621 -0.002860
0.983103 -0.014300
0.979973 -0.014245
0.982783 -0.018565
0.982158 -0.020309
b
-0.500000 -0.866025
-0.500851 -0.864412
-0.504255 -0.857957
-0.505485 -0.854568
-0.503255 -0.860586
-0.503537 -0.861446
c
-0.500000 0.866025
-0.496618 0.863537
-0.483089 0.853584
-0.484007 0.854468
-0.476270 0.848588
-0.476554 0.847862


INR

a
0.539798 -0.392159
0.539798 -0.392159
0.100040 -0.082282
0.119731 -0.082935
0.060642 -0.000969
b
-0.425284 -0.168647
-0.425284 -0.168647
-0.137572 -0.035310
-0.010115 -0.017297
0.000000 0.000000
c
0.074075 0.612187
0.074075 0.612187
-0.004983 0.008797
0.040163 0.302352
0.000000 0.000000


STXNR

a
0.539798 0.392159
0.539095 0.389290
0.099527 0.079461
0.118894 0.079822
0.059616 -0.000174
b
0.358695 0.283983
0.358784 0.283154
0.099666 0.100225
0.019940 -0.000044
0.000000 0.000000
c
0.493132 0.370244
0.491859 0.367989
0.009916 -0.000004
0.238681 0.180345
0.000000 0.000000


SRXNR

a
0.539095 0.389290
0.536285 0.377814
0.099209 0.079209
0.119209 0.079284
0.059580 -0.000280
b
0.358784 0.283154
0.359143 0.279834
0.099716 0.099716
0.019975 0.000000
0.000000 0.000000
c
0.491859 0.367989
0.486768 0.358970
0.009929 0.000000
0.237444 0.178083
0.000000 0.000000


iNR

a
0.000000 0.000000
0.000000 0.000000
0.147641 -0.104697
0.031780 -0.012008
0.010761 -0.014927
0.029555 0.020697
b
0.000000 0.000000
0.000000 0.000000
-0.063758 -0.026652
-0.063947 -0.016413
-0.001437 -0.002457
0.000000 0.000000
c
0.000000 0.000000
0.000000 0.000000
0.009793 0.075795
-0.001274 0.002249
0.021348 0.160711
0.000000 0.000000


sNR

a
0.000000 0.000000
0.000000 0.000000
0.146643 0.100817
0.031315 0.011315
0.010853 0.014470
0.028608 -0.020928
b
0.000000 0.000000
0.000000 0.000000
0.055016 0.041262
0.046350 0.046350
0.002838 0.000000
0.000000 0.000000
c
0.000000 0.000000
0.000000 0.000000
0.059966 0.044975
0.002538 0.000000
0.126210 0.094658
0.000000 0.000000
VNR

a
1.000000 0.000000
0.996621 -0.002860
0.983103 -0.014300
0.979973 -0.014245
0.982783 -0.018565
0.982158 -0.020309
b
-0.500000 -0.866025
-0.500851 -0.864412
-0.504255 -0.857957
-0.505485 -0.854568
-0.503255 -0.860586
-0.503537 -0.861446
c
-0.500000 0.866025
-0.496618 0.863537
-0.483089 0.853584
-0.484007 0.854468
-0.476270 0.848588
-0.476554 0.847862


INR

a
0.539798 -0.392159
0.539798 -0.392159
0.100040 -0.082282
0.119731 -0.082935
0.060642 -0.000969
b
-0.425284 -0.168647
-0.425284 -0.168647
-0.137572 -0.035310
-0.010115 -0.017297
0.000000 0.000000
c
0.074075 0.612187
0.074075 0.612187
-0.004983 0.008797
0.040163 0.302352
0.000000 0.000000


STXNR

a
0.539798 0.392159
0.539095 0.389290
0.099527 0.079461
0.118894 0.079822
0.059616 -0.000174
b
0.358695 0.283983
0.358784 0.283154
0.099666 0.100225
0.019940 -0.000044
0.000000 0.000000
c
0.493132 0.370244
0.491859 0.367989
0.009916 -0.000004
0.238681 0.180345
0.000000 0.000000


SRXNR

a
0.539095 0.389290
0.536285 0.377814
0.099209 0.079209
0.119209 0.079284
0.059580 -0.000280
b
0.358784 0.283154
0.359143 0.279834
0.099716 0.099716
0.019975 0.000000
0.000000 0.000000
c
0.491859 0.367989
0.486768 0.358970
0.009929 0.000000
0.237444 0.178083
0.000000 0.000000


iNR

a
0.000000 0.000000
0.000000 0.000000
0.191394 -0.135725
0.030801 -0.011000
0.010080 -0.013983
0.024978 0.023887
b
0.000000 0.000000
0.000000 0.000000
-0.058115 -0.024293
-0.060896 -0.015630
-0.001438 -0.002460
0.000000 0.000000
c
0.000000 0.000000
0.000000 0.000000
0.008292 0.064181
-0.001260 0.002224
0.020010 0.150639
0.000000 0.000000


sNR

a
0.000000 0.000000
0.000000 0.000000
0.190101 0.130695
0.030341 0.010341
0.010166 0.013555
0.024047 -0.023969
b
0.000000 0.000000
0.000000 0.000000
0.050147 0.037610
0.044139 0.044139
0.002841 0.000000
0.000000 0.000000
c
0.000000 0.000000
0.000000 0.000000
0.050778 0.038083
0.002510 0.000000
0.118300 0.088725
0.000000 0.000000
VNR

a
1.000000 0.000000
0.996621 -0.002860
0.983103 -0.014300
0.979973 -0.014245
0.982783 -0.018565
0.982158 -0.020309
b
-0.500000 -0.866025
-0.500851 -0.864412
-0.504255 -0.857957
-0.505485 -0.854568
-0.503255 -0.860586
-0.503537 -0.861446
c
-0.500000 0.866025
-0.496618 0.863537
-0.483089 0.853584
-0.484007 0.854468
-0.476270 0.848588
-0.476554 0.847862


INR

a
0.539798 -0.392159
0.539798 -0.392159
0.100040 -0.082282
0.119731 -0.082935
0.060642 -0.000969
b
-0.425284 -0.168647
-0.425284 -0.168647
-0.137572 -0.035310
-0.010115 -0.017297
0.000000 0.000000
c
0.074075 0.612187
0.074075 0.612187
-0.004983 0.008797
0.040163 0.302352
0.000000 0.000000


STXNR

a
0.539798 0.392159
0.539095 0.389290
0.099527 0.079461
0.118894 0.079822
0.059616 -0.000174
b
0.358695 0.283983
0.358784 0.283154
0.099666 0.100225
0.019940 -0.000044
0.000000 0.000000
c
0.493132 0.370244
0.491859 0.367989
0.009916 -0.000004
0.238681 0.180345
0.000000 0.000000


SRXNR

a
0.539095 0.389290
0.536285 0.377814
0.099209 0.079209
0.119209 0.079284
0.059580 -0.000280
b
0.358784 0.283154
0.359143 0.279834
0.099716 0.099716
0.019975 0.000000
0.000000 0.000000
c
0.491859 0.367989
0.486768 0.358970
0.009929 0.000000
0.237444 0.178083
0.000000 0.000000


iNR

a
0.000000 0.000000
0.000000 0.000000
0.194133 -0.137667
0.035404 -0.015739
0.009577 -0.013285
0.024342 0.024330
b
0.000000 0.000000
0.000000 0.000000
-0.048869 -0.020428
-0.059732 -0.015331
-0.001401 -0.002396
0.000000 0.000000
c
0.000000 0.000000
0.000000 0.000000
0.007594 0.058773
-0.001203 0.002124
0.018235 0.137273
0.000000 0.000000


sNR

a
0.000000 0.000000
0.000000 0.000000
0.192821 0.132564
0.034919 0.014919
0.009659 0.012878
0.023414 -0.024391
b
0.000000 0.000000
0.000000 0.000000
0.042168 0.031626
0.043295 0.043295
0.002767 0.000000
0.000000 0.000000
c
0.000000 0.000000
0.000000 0.000000
0.046499 0.034875
0.002397 0.000000
0.107803 0.080852
0.000000 0.000000
VNR

a
1.000000 0.000000
0.996621 -0.002860
0.983103 -0.014300
0.979973 -0.014245
0.982783 -0.018565
0.982158 -0.020309
b
-0.500000 -0.866025
-0.500851 -0.864412
-0.504255 -0.857957
-0.505485 -0.854568
-0.503255 -0.860586
-0.503537 -0.861446
c
-0.500000 0.866025
-0.496618 0.863537
-0.483089 0.853584
-0.484007 0.854468
-0.476270 0.848588
-0.476554 0.847862


INR

a
0.539798 -0.392159
0.539798 -0.392159
0.100040 -0.082282
0.119731 -0.082935
0.060642 -0.000969
b
-0.425284 -0.168647
-0.425284 -0.168647
-0.137572 -0.035310
-0.010115 -0.017297
0.000000 0.000000
c
0.074075 0.612187
0.074075 0.612187
-0.004983 0.008797
0.040163 0.302352
0.000000 0.000000


STXNR

a
0.539798 0.392159
0.539095 0.389290
0.099527 0.079461
0.118894 0.079822
0.059616 -0.000174
b
0.358695 0.283983
0.358784 0.283154
0.099666 0.100225
0.019940 -0.000044
0.000000 0.000000
c
0.493132 0.370244
0.491859 0.367989
0.009916 -0.000004
0.238681 0.180345
0.000000 0.000000


SRXNR

a
0.539095 0.389290
0.536285 0.377814
0.099209 0.079209
0.119209 0.079284
0.059580 -0.000280
b
0.358784 0.283154
0.359143 0.279834
0.099716 0.099716
0.019975 0.000000
0.000000 0.000000
c
0.491859 0.367989
0.486768 0.358970
0.009929 0.000000
0.237444 0.178083
0.000000 0.000000


iNR

a
0.000000 0.000000
0.000000 0.000000
0.192634 -0.136604
0.032975 -0.013238
0.009844 -0.013655
0.023920 0.024625
b
0.000000 0.000000
0.000000 0.000000
-0.048819 -0.020407
-0.053560 -0.013747
-0.001342 -0.002294
0.000000 0.000000
c
0.000000 0.000000
0.000000 0.000000
0.007667 0.059338
-0.001221 0.002155
0.016321 0.122865
0.000000 0.000000


sNR

a
0.000000 0.000000
0.000000 0.000000
0.191332 0.131541
0.032503 0.012503
0.009928 0.013237
0.022993 -0.024671
b
0.000000 0.000000
0.000000 0.000000
0.042126 0.031594
0.038822 0.038822
0.002649 0.000000
0.000000 0.000000
c
0.000000 0.000000
0.000000 0.000000
0.046946 0.035210
0.002432 0.000000
0.096489 0.072366
0.000000 0.000000
VNR

a
1.000000 0.000000
0.996621 -0.002860
0.983103 -0.014300
0.979973 -0.014245
0.982783 -0.018565
0.982158 -0.020309
b
-0.500000 -0.866025
-0.500851 -0.864412
-0.504255 -0.857957
-0.505485 -0.854568
-0.503255 -0.860586
-0.503537 -0.861446
c
-0.500000 0.866025
-0.496618 0.863537
-0.483089 0.853584
-0.484007 0.854468
-0.476270 0.848588
-0.476554 0.847862


INR

a
0.539798 -0.392159
0.539798 -0.392159
0.100040 -0.082282
0.119731 -0.082935
0.060642 -0.000969
b
-0.425284 -0.168647
-0.425284 -0.168647
-0.137572 -0.035310
-0.010115 -0.017297
0.000000 0.000000
c
0.074075 0.612187
0.074075 0.612187
-0.004983 0.008797
0.040163 0.302352
0.000000 0.000000


STXNR

a
0.539798 0.392159
0.539095 0.389290
0.099527 0.079461
0.118894 0.079822
0.059616 -0.000174
b
0.358695 0.283983
0.358784 0.283154
0.099666 0.100225
0.019940 -0.000044
0.000000 0.000000
c
0.493132 0.370244
0.491859 0.367989
0.009916 -0.000004
0.238681 0.180345
0.000000 0.000000


SRXNR

a
0.539095 0.389290
0.536285 0.377814
0.099209 0.079209
0.119209 0.079284
0.059580 -0.000280
b
0.358784 0.283154
0.359143 0.279834
0.099716 0.099716
0.019975 0.000000
0.000000 0.000000
c
0.491859 0.367989
0.486768 0.358970
0.009929 0.000000
0.237444 0.178083
0.000000 0.000000


iNR

a
0.000000 0.000000
0.000000 0.000000
0.188639 -0.133771
0.030981 -0.011186
0.011693 -0.016219
0.019050 0.028019
b
0.000000 0.000000
0.000000 0.000000
-0.047116 -0.019695
-0.042729 -0.010967
-0.001275 -0.002181
0.000000 0.000000
c
0.000000 0.000000
0.000000 0.000000
0.007635 0.059090
-0.001284 0.002266
0.013743 0.103458
0.000000 0.000000


sNR

a
0.000000 0.000000
0.000000 0.000000
0.187365 0.128813
0.030520 0.010520
0.011792 0.015723
0.018142 -0.027906
b
0.000000 0.000000
0.000000 0.000000
0.040657 0.030492
0.030971 0.030971
0.002518 0.000000
0.000000 0.000000
c
0.000000 0.000000
0.000000 0.000000
0.046750 0.035063
0.002558 0.000000
0.081248 0.060936
0.000000 0.000000
VNR

a
1.000000 0.000000
0.996621 -0.002860
0.983103 -0.014300
0.979973 -0.014245
0.982783 -0.018565
0.982158 -0.020309
b
-0.500000 -0.866025
-0.500851 -0.864412
-0.504255 -0.857957
-0.505485 -0.854568
-0.503255 -0.860586
-0.503537 -0.861446
c
-0.500000 0.866025
-0.496618 0.863537
-0.483089 0.853584
-0.484007 0.854468
-0.476270 0.848588
-0.476554 0.847862


INR

a
0.539798 -0.392159
0.539798 -0.392159
0.100040 -0.082282
0.119731 -0.082935
0.060642 -0.000969
b
-0.425284 -0.168647
-0.425284 -0.168647
-0.137572 -0.035310
-0.010115 -0.017297
0.000000 0.000000
c
0.074075 0.612187
0.074075 0.612187
-0.004983 0.008797
0.040163 0.302352
0.000000 0.000000


STXNR

a
0.539798 0.392159
0.539095 0.389290
0.099527 0.079461
0.118894 0.079822
0.059616 -0.000174
b
0.358695 0.283983
0.358784 0.283154
0.099666 0.100225
0.019940 -0.000044
0.000000 0.000000
c
0.493132 0.370244
0.491859 0.367989
0.009916 -0.000004
0.238681 0.180345
0.000000 0.000000


SRXNR

a
0.539095 0.389290
0.536285 0.377814
0.099209 0.079209
0.119209 0.079284
0.059580 -0.000280
b
0.358784 0.283154
0.359143 0.279834
0.099716 0.099716
0.019975 0.000000
0.000000 0.000000
c
0.491859 0.367989
0.486768 0.358970
0.009929 0.000000
0.237444 0.178083
0.000000 0.000000


iNR

a
0.000000 0.000000
0.000000 0.000000
0.153435 -0.108807
0.030327 -0.010512
0.013716 -0.019026
0.019167 0.027938
b
0.000000 0.000000
0.000000 0.000000
-0.046631 -0.019492
-0.027247 -0.006993
-0.001222 -0.002090
0.000000 0.000000
c
0.000000 0.000000
0.000000 0.000000
0.007571 0.058601
-0.001316 0.002324
0.012004 0.090370
0.000000 0.000000


sNR

a
0.000000 0.000000
0.000000 0.000000
0.152399 0.104774
0.029869 0.009869
0.013833 0.018444
0.018257 -0.027828
b
0.000000 0.000000
0.000000 0.000000
0.040238 0.030178
0.019749 0.019749
0.002413 0.000000
0.000000 0.000000
c
0.000000 0.000000
0.000000 0.000000
0.046363 0.034772
0.002623 0.000000
0.070969 0.053227
0.000000 0.000000
VNR

a
1.000000 0.000000
0.996621 -0.002860
0.983103 -0.014300
0.979973 -0.014245
0.982783 -0.018565
0.982158 -0.020309
b
-0.500000 -0.866025
-0.500851 -0.864412
-0.504255 -0.857957
-0.505485 -0.854568
-0.503255 -0.860586
-0.503537 -0.861446
c
-0.500000 0.866025
-0.496618 0.863537
-0.483089 0.853584
-0.484007 0.854468
-0.476270 0.848588
-0.476554 0.847862


INR

a
0.539798 -0.392159
0.539798 -0.392159
0.100040 -0.082282
0.119731 -0.082935
0.060642 -0.000969
b
-0.425284 -0.168647
-0.425284 -0.168647
-0.137572 -0.035310
-0.010115 -0.017297
0.000000 0.000000
c
0.074075 0.612187
0.074075 0.612187
-0.004983 0.008797
0.040163 0.302352
0.000000 0.000000


STXNR

a
0.539798 0.392159
0.539095 0.389290
0.099527 0.079461
0.118894 0.079822
0.059616 -0.000174
b
0.358695 0.283983
0.358784 0.283154
0.099666 0.100225
0.019940 -0.000044
0.000000 0.000000
c
0.493132 0.370244
0.491859 0.367989
0.009916 -0.000004
0.238681 0.180345
0.000000 0.000000


SRXNR

a
0.539095 0.389290
0.536285 0.377814
0.099209 0.079209
0.119209 0.079284
0.059580 -0.000280
b
0.358784 0.283154
0.359143 0.279834
0.099716 0.099716
0.019975 0.000000
0.000000 0.000000
c
0.491859 0.367989
0.486768 0.358970
0.009929 0.000000
0.237444 0.178083
0.000000 0.000000


iNR

a
0.000000 0.000000
0.000000 0.000000
0.145338 -0.103064
0.021259 -0.001177
0.009404 -0.013044
0.019977 0.027373
b
0.000000 0.000000
0.000000 0.000000
-0.046786 -0.019557
-0.024766 -0.006357
-0.001187 -0.002029
0.000000 0.000000
c
0.000000 0.000000
0.000000 0.000000
0.007596 0.058794
-0.001380 0.002437
0.011051 0.083195
0.000000 0.000000


sNR

a
0.000000 0.000000
0.000000 0.000000
0.144356 0.099245
0.020850 0.000850
0.009484 0.012645
0.019064 -0.027291
b
0.000000 0.000000
0.000000 0.000000
0.040371 0.030278
0.017951 0.017951
0.002343 0.000000
0.000000 0.000000
c
0.000000 0.000000
0.000000 0.000000
0.046516 0.034887
0.002751 0.000000
0.065335 0.049001
0.000000 0.000000
VNR

a
1.000000 0.000000
0.996621 -0.002860
0.983103 -0.014300
0.979973 -0.014245
0.982783 -0.018565
0.982158 -0.020309
b
-0.500000 -0.866025
-0.500851 -0.864412
-0.504255 -0.857957
-0.505485 -0.854568
-0.503255 -0.860586
-0.503537 -0.861446
c
-0.500000 0.866025
-0.496618 0.863537
-0.483089 0.853584
-0.484007 0.854468
-0.476270 0.848588
-0.476554 0.847862


INR

a
0.539798 -0.392159
0.539798 -0.392159
0.100040 -0.082282
0.119731 -0.082935
0.060642 -0.000969
b
-0.425284 -0.168647
-0.425284 -0.168647
-0.137572 -0.035310
-0.010115 -0.017297
0.000000 0.000000
c
0.074075 0.612187
0.074075 0.612187
-0.004983 0.008797
0.040163 0.302352
0.000000 0.000000


STXNR

a
0.539798 0.392159
0.539095 0.389290
0.099527 0.079461
0.118894 0.079822
0.059616 -0.000174
b
0.358695 0.283983
0.358784 0.283154
0.099666 0.100225
0.019940 -0.000044
0.000000 0.000000
c
0.493132 0.370244
0.491859 0.367989
0.009916 -0.000004
0.238681 0.180345
0.000000 0.000000


SRXNR

a
0.539095 0.389290
0.536285 0.377814
0.099209 0.079209
0.119209 0.079284
0.059580 -0.000280
b
0.358784 0.283154
0.359143 0.279834
0.099716 0.099716
0.019975 0.000000
0.000000 0.000000
c
0.491859 0.367989
0.486768 0.358970
0.009929 0.000000
0.237444 0.178083
0.000000 0.000000


iNR

a
0.000000 0.000000
0.000000 0.000000
0.166365 -0.117975
0.021430 -0.001352
0.008875 -0.012312
0.021527 0.026293
b
0.000000 0.000000
0.000000 0.000000
-0.049551 -0.020713
-0.024931 -0.006399
-0.001307 -0.002234
0.000000 0.000000
c
0.000000 0.000000
0.000000 0.000000
0.007950 0.061529
-0.001369 0.002416
0.011181 0.084170
0.000000 0.000000


sNR

a
0.000000 0.000000
0.000000 0.000000
0.165241 0.113603
0.021020 0.001020
0.008951 0.011935
0.020609 -0.026261
b
0.000000 0.000000
0.000000 0.000000
0.042757 0.032068
0.018071 0.018071
0.002580 0.000000
0.000000 0.000000
c
0.000000 0.000000
0.000000 0.000000
0.048679 0.036510
0.002727 0.000000
0.066100 0.049575
0.000000 0.000000
VNR

a
1.000000 0.000000
0.996621 -0.002860
0.983103 -0.014300
0.979973 -0.014245
0.982783 -0.018565
0.982158 -0.020309
b
-0.500000 -0.866025
-0.500851 -0.864412
-0.504255 -0.857957
-0.505485 -0.854568
-0.503255 -0.860586
-0.503537 -0.861446
c
-0.500000 0.866025
-0.496618 0.863537
-0.483089 0.853584
-0.484007 0.854468
-0.476270 0.848588
-0.476554 0.847862


INR

a
0.539798 -0.392159
0.539798 -0.392159
0.100040 -0.082282
0.119731 -0.082935
0.060642 -0.000969
b
-0.425284 -0.168647
-0.425284 -0.168647
-0.137572 -0.035310
-0.010115 -0.017297
0.000000 0.000000
c
0.074075 0.612187
0.074075 0.612187
-0.004983 0.008797
0.040163 0.302352
0.000000 0.000000


STXNR

a
0.539798 0.392159
0.539095 0.389290
0.099527 0.079461
0.118894 0.079822
0.059616 -0.000174
b
0.358695 0.283983
0.358784 0.283154
0.099666 0.100225
0.019940 -0.000044
0.000000 0.000000
c
0.493132 0.370244
0.491859 0.367989
0.009916 -0.000004
0.238681 0.180345
0.000000 0.000000


SRXNR

a
0.539095 0.389290
0.536285 0.377814
0.099209 0.079209
0.119209 0.079284
0.059580 -0.000280
b
0.358784 0.283154
0.359143 0.279834
0.099716 0.099716
0.019975 0.000000
0.000000 0.000000
c
0.491859 0.367989
0.486768 0.358970
0.009929 0.000000
0.237444 0.178083
0.000000 0.000000


iNR

a
0.000000 0.000000
0.000000 0.000000
0.165946 -0.117678
0.020264 -0.000152
0.009484 -0.013156
0.021308 0.026446
b
0.000000 0.000000
0.000000 0.000000
-0.068923 -0.028811
-0.027033 -0.006938
-0.002404 -0.004111
0.000000 0.000000
c
0.000000 0.000000
0.000000 0.000000
0.010232 0.079191
-0.000954 0.001684
0.011865 0.089320
0.000000 0.000000


sNR

a
0.000000 0.000000
0.000000 0.000000
0.164825 0.113317
0.019861 -0.000139
0.009565 0.012754
0.020390 -0.026406
b
0.000000 0.000000
0.000000 0.000000
0.059473 0.044605
0.019594 0.019594
0.004747 0.000000
0.000000 0.000000
c
0.000000 0.000000
0.000000 0.000000
0.062653 0.046990
0.001901 0.000000
0.070145 0.052609
0.000000 0.000000
VNR

a
1.000000 0.000000
0.996621 -0.002860
0.983103 -0.014300
0.979973 -0.014245
0.982783 -0.018565
0.982158 -0.020309
b
-0.500000 -0.866025
-0.500851 -0.864412
-0.504255 -0.857957
-0.505485 -0.854568
-0.503255 -0.860586
-0.503537 -0.861446
c
-0.500000 0.866025
-0.496618 0.863537
-0.483089 0.853584
-0.484007 0.854468
-0.476270 0.848588
-0.476554 0.847862


INR

a
0.539798 -0.392159
0.539798 -0.392159
0.100040 -0.082282
0.119731 -0.082935
0.060642 -0.000969
b
-0.425284 -0.168647
-0.425284 -0.168647
-0.137572 -0.035310
-0.010115 -0.017297
0.000000 0.000000
c
0.074075 0.612187
0.074075 0.612187
-0.004983 0.008797
0.040163 0.302352
0.000000 0.000000


STXNR

a
0.539798 0.392159
0.539095 0.389290
0.099527 0.079461
0.118894 0.079822
0.059616 -0.000174
b
0.358695 0.283983
0.358784 0.283154
0.099666 0.100225
0.019940 -0.000044
0.000000 0.000000
c
0.493132 0.370244
0.491859 0.367989
0.009916 -0.000004
0.238681 0.180345
0.000000 0.000000


SRXNR

a
0.539095 0.389290
0.536285 0.377814
0.099209 0.079209
0.119209 0.079284
0.059580 -0.000280
b
0.358784 0.283154
0.359143 0.279834
0.099716 0.099716
0.019975 0.000000
0.000000 0.000000
c
0.491859 0.367989
0.486768 0.358970
0.009929 0.000000
0.237444 0.178083
0.000000 0.000000


iNR

a
0.000000 0.000000
0.000000 0.000000
0.142080 -0.100754
0.020778 -0.000681
0.008410 -0.011666
0.021354 0.026413
b
0.000000 0.000000
0.000000 0.000000
-0.071146 -0.029740
-0.029161 -0.007485
-0.002806 -0.004799
0.000000 0.000000
c
0.000000 0.000000
0.000000 0.000000
0.010209 0.079012
-0.000849 0.001498
0.012519 0.094243
0.000000 0.000000


sNR

a
0.000000 0.000000
0.000000 0.000000
0.141120 0.097020
0.020372 0.000372
0.008482 0.011309
0.020437 -0.026375
b
0.000000 0.000000
0.000000 0.000000
0.061392 0.046044
0.021137 0.021137
0.005542 0.000000
0.000000 0.000000
c
0.000000 0.000000
0.000000 0.000000
0.062512 0.046884
0.001691 0.000000
0.074011 0.055508
0.000000 0.000000
VNR

a
1.000000 0.000000
0.996621 -0.002860
0.983103 -0.014300
0.979973 -0.014245
0.982783 -0.018565
0.982158 -0.020309
b
-0.500000 -0.866025
-0.500851 -0.864412
-0.504255 -0.857957
-0.505485 -0.854568
-0.503255 -0.860586
-0.503537 -0.861446
c
-0.500000 0.866025
-0.496618 0.863537
-0.483089 0.853584
-0.484007 0.854468
-0.476270 0.848588
-0.476554 0.847862


INR

a
0.539798 -0.392159
0.539798 -0.392159
0.100040 -0.082282
0.119731 -0.082935
0.060642 -0.000969
b
-0.425284 -0.168647
-0.425284 -0.168647
-0.137572 -0.035310
-0.010115 -0.017297
0.000000 0.000000
c
0.074075 0.612187
0.074075 0.612187
-0.004983 0.008797
0.040163 0.302352
0.000000 0.000000


STXNR

a
0.539798 0.392159
0.539095 0.389290
0.099527 0.079461
0.118894 0.079822
0.059616 -0.000174
b
0.358695 0.283983
0.358784 0.283154
0.099666 0.100225
0.019940 -0.000044
0.000000 0.000000
c
0.493132 0.370244
0.491859 0.367989
0.009916 -0.000004
0.238681 0.180345
0.000000 0.000000


SRXNR

a
0.539095 0.389290
0.536285 0.377814
0.099209 0.079209
0.119209 0.079284
0.059580 -0.000280
b
0.358784 0.283154
0.359143 0.279834
0.099716 0.099716
0.019975 0.000000
0.000000 0.000000
c
0.491859 0.367989
0.486768 0.358970
0.009929 0.000000
0.237444 0.178083
0.000000 0.000000


iNR

a
0.000000 0.000000
0.000000 0.000000
0.116448 -0.082577
0.025224 -0.005258
0.008289 -0.011498
0.021395 0.026385
b
0.000000 0.000000
0.000000 0.000000
-0.074847 -0.031287
-0.028989 -0.007441
-0.002761 -0.004722
0.000000 0.000000
c
0.000000 0.000000
0.000000 0.000000
0.010197 0.078922
-0.000762 0.001345
0.012541 0.094411
0.000000 0.000000


sNR

a
0.000000 0.000000
0.000000 0.000000
0.115661 0.079517
0.024793 0.004793
0.008359 0.011146
0.020477 -0.026349
b
0.000000 0.000000
0.000000 0.000000
0.064585 0.048439
0.021012 0.021012
0.005453 0.000000
0.000000 0.000000
c
0.000000 0.000000
0.000000 0.000000
0.062441 0.046831
0.001518 0.000000
0.074143 0.055607
0.000000 0.000000
VNR

a
1.000000 0.000000
0.996621 -0.002860
0.983103 -0.014300
0.979973 -0.014245
0.982783 -0.018565
0.982158 -0.020309
b
-0.500000 -0.866025
-0.500851 -0.864412
-0.504255 -0.857957
-0.505485 -0.854568
-0.503255 -0.860586
-0.503537 -0.861446
c
-0.500000 0.866025
-0.496618 0.863537
-0.483089 0.853584
-0.484007 0.854468
-0.476270 0.848588
-0.476554 0.847862


INR

a
0.539798 -0.392159
0.539798 -0.392159
0.100040 -0.082282
0.119731 -0.082935
0.060642 -0.000969
b
-0.425284 -0.168647
-0.425284 -0.168647
-0.137572 -0.035310
-0.010115 -0.017297
0.000000 0.000000
c
0.074075 0.612187
0.074075 0.612187
-0.004983 0.008797
0.040163 0.302352
0.000000 0.000000


STXNR

a
0.539798 0.392159
0.539095 0.389290
0.099527 0.079461
0.118894 0.079822
0.059616 -0.000174
b
0.358695 0.283983
0.358784 0.283154
0.099666 0.100225
0.019940 -0.000044
0.000000 0.000000
c
0.493132 0.370244
0.491859 0.367989
0.009916 -0.000004
0.238681 0.180345
0.000000 0.000000


SRXNR

a
0.539095 0.389290
0.536285 0.377814
0.099209 0.079209
0.119209 0.079284
0.059580 -0.000280
b
0.358784 0.283154
0.359143 0.279834
0.099716 0.099716
0.019975 0.000000
0.000000 0.000000
c
0.491859 0.367989
0.486768 0.358970
0.009929 0.000000
0.237444 0.178083
0.000000 0.000000


iNR

a
0.000000 0.000000
0.000000 0.000000
0.101475 -0.071960
0.025983 -0.006040
0.008281 -0.011487
0.022502 0.025613
b
0.000000 0.000000
0.000000 0.000000
-0.074756 -0.031249
-0.031099 -0.007982
-0.002724 -0.004659
0.000000 0.000000
c
0.000000 0.000000
0.000000 0.000000
0.010234 0.079212
-0.000772 0.001362
0.012660 0.095309
0.000000 0.000000


sNR

a
0.000000 0.000000
0.000000 0.000000
0.100790 0.069293
0.025549 0.005549
0.008352 0.011136
0.021580 -0.025613
b
0.000000 0.000000
0.000000 0.000000
0.064506 0.048380
0.022541 0.022541
0.005380 0.000000
0.000000 0.000000
c
0.000000 0.000000
0.000000 0.000000
0.062670 0.047002
0.001538 0.000000
0.074849 0.056137
0.000000 0.000000
VNR

a
1.000000 0.000000
0.996621 -0.002860
0.983103 -0.014300
0.979973 -0.014245
0.982783 -0.018565
0.982158 -0.020309
b
-0.500000 -0.866025
-0.500851 -0.864412
-0.504255 -0.857957
-0.505485 -0.854568
-0.503255 -0.860586
-0.503537 -0.861446
c
-0.500000 0.866025
-0.496618 0.863537
-0.483089 0.853584
-0.484007 0.854468
-0.476270 0.848588
-0.476554 0.847862


INR

a
0.539798 -0.392159
0.539798 -0.392159
0.100040 -0.082282
0.119731 -0.082935
0.060642 -0.000969
b
-0.425284 -0.168647
-0.425284 -0.168647
-0.137572 -0.035310
-0.010115 -0.017297
0.000000 0.000000
c
0.074075 0.612187
0.074075 0.612187
-0.004983 0.008797
0.040163 0.302352
0.000000 0.000000


STXNR

a
0.539798 0.392159
0.539095 0.389290
0.099527 0.079461
0.118894 0.079822
0.059616 -0.000174
b
0.358695 0.283983
0.358784 0.283154
0.099666 0.100225
0.019940 -0.000044
0.000000 0.000000
c
0.493132 0.370244
0.491859 0.367989
0.009916 -0.000004
0.238681 0.180345
0.000000 0.000000


SRXNR

a
0.539095 0.389290
0.536285 0.377814
0.099209 0.079209
0.119209 0.079284
0.059580 -0.000280
b
0.358784 0.283154
0.359143 0.279834
0.099716 0.099716
0.019975 0.000000
0.000000 0.000000
c
0.491859 0.367989
0.486768 0.358970
0.009929 0.000000
0.237444 0.178083
0.000000 0.000000


iNR

a
0.000000 0.000000
0.000000 0.000000
0.112613 -0.079858
0.023642 -0.003630
0.009101 -0.012625
0.023103 0.025194
b
0.000000 0.000000
0.000000 0.000000
-0.074700 -0.031226
-0.032167 -0.008256
-0.002677 -0.004578
0.000000 0.000000
c
0.000000 0.000000
0.000000 0.000000
0.009271 0.071758
-0.000847 0.001496
0.012747 0.095965
0.000000 0.000000


sNR

a
0.000000 0.000000
0.000000 0.000000
0.111852 0.076898
0.023221 0.003221
0.009179 0.012239
0.022179 -0.025214
b
0.000000 0.000000
0.000000 0.000000
0.064458 0.048343
0.023315 0.023315
0.005287 0.000000
0.000000 0.000000
c
0.000000 0.000000
0.000000 0.000000
0.056773 0.042580
0.001688 0.000000
0.075363 0.056522
0.000000 0.000000
VNR

a
1.000000 0.000000
0.996621 -0.002860
0.983103 -0.014300
0.979973 -0.014245
0.982783 -0.018565
0.982158 -0.020309
b
-0.500000 -0.866025
-0.500851 -0.864412
-0.504255 -0.857957
-0.505485 -0.854568
-0.503255 -0.860586
-0.503537 -0.861446
c
-0.500000 0.866025
-0.496618 0.863537
-0.483089 0.853584
-0.484007 0.854468
-0.476270 0.848588
-0.476554 0.847862


INR

a
0.539798 -0.392159
0.539798 -0.392159
0.100040 -0.082282
0.119731 -0.082935
0.060642 -0.000969
b
-0.425284 -0.168647
-0.425284 -0.168647
-0.137572 -0.035310
-0.010115 -0.017297
0.000000 0.000000
c
0.074075 0.612187
0.074075 0.612187
-0.004983 0.008797
0.040163 0.302352
0.000000 0.000000


STXNR

a
0.539798 0.392159
0.539095 0.389290
0.099527 0.079461
0.118894 0.079822
0.059616 -0.000174
b
0.358695 0.283983
0.358784 0.283154
0.099666 0.100225
0.019940 -0.000044
0.000000 0.000000
c
0.493132 0.370244
0.491859 0.367989
0.009916 -0.000004
0.238681 0.180345
0.000000 0.000000


SRXNR

a
0.539095 0.389290
0.536285 0.377814
0.099209 0.079209
0.119209 0.079284
0.059580 -0.000280
b
0.358784 0.283154
0.359143 0.279834
0.099716 0.099716
0.019975 0.000000
0.000000 0.000000
c
0.491859 0.367989
0.486768 0.358970
0.009929 0.000000
0.237444 0.178083
0.000000 0.000000


iNR

a
0.000000 0.000000
0.000000 0.000000
0.114982 -0.081538
0.032042 -0.012278
0.010890 -0.015106
0.021056 0.026621
b
0.000000 0.000000
0.000000 0.000000
-0.072427 -0.030275
-0.032106 -0.008240
-0.002646 -0.004525
0.000000 0.000000
c
0.000000 0.000000
0.000000 0.000000
0.008681 0.067191
-0.000892 0.001575
0.011241 0.084623
0.000000 0.000000


sNR

a
0.000000 0.000000
0.000000 0.000000
0.114205 0.078516
0.031575 0.011575
0.010983 0.014644
0.020140 -0.026574
b
0.000000 0.000000
0.000000 0.000000
0.062497 0.046872
0.023271 0.023271
0.005225 0.000000
0.000000 0.000000
c
0.000000 0.000000
0.000000 0.000000
0.053159 0.039870
0.001778 0.000000
0.066457 0.049842
0.000000 0.000000
VNR

a
1.000000 0.000000
0.996621 -0.002860
0.983103 -0.014300
0.979973 -0.014245
0.982783 -0.018565
0.982158 -0.020309
b
-0.500000 -0.866025
-0.500851 -0.864412
-0.504255 -0.857957
-0.505485 -0.854568
-0.503255 -0.860586
-0.503537 -0.861446
c
-0.500000 0.866025
-0.496618 0.863537
-0.483089 0.853584
-0.484007 0.854468
-0.476270 0.848588
-0.476554 0.847862


INR

a
0.539798 -0.392159
0.539798 -0.392159
0.100040 -0.082282
0.119731 -0.082935
0.060642 -0.000969
b
-0.425284 -0.168647
-0.425284 -0.168647
-0.137572 -0.035310
-0.010115 -0.017297
0.000000 0.000000
c
0.074075 0.612187
0.074075 0.612187
-0.004983 0.008797
0.040163 0.302352
0.000000 0.000000


STXNR

a
0.539798 0.392159
0.539095 0.389290
0.099527 0.079461
0.118894 0.079822
0.059616 -0.000174
b
0.358695 0.283983
0.358784 0.283154
0.099666 0.100225
0.019940 -0.000044
0.000000 0.000000
c
0.493132 0.370244
0.491859 0.367989
0.009916 -0.000004
0.238681 0.180345
0.000000 0.000000


SRXNR

a
0.539095 0.389290
0.536285 0.377814
0.099209 0.079209
0.119209 0.079284
0.059580 -0.000280
b
0.358784 0.283154
0.359143 0.279834
0.099716 0.099716
0.019975 0.000000
0.000000 0.000000
c
0.491859 0.367989
0.486768 0.358970
0.009929 0.000000
0.237444 0.178083
0.000000 0.000000


iNR

a
0.000000 0.000000
0.000000 0.000000
0.110594 -0.078427
0.032186 -0.012426
0.011032 -0.015304
0.016850 0.029552
b
0.000000 0.000000
0.000000 0.000000
-0.067178 -0.028081
-0.039272 -0.010080
-0.003066 -0.005243
0.000000 0.000000
c
0.000000 0.000000
0.000000 0.000000
0.007708 0.059655
-0.000837 0.001477
0.009773 0.073576
0.000000 0.000000


sNR

a
0.000000 0.000000
0.000000 0.000000
0.109847 0.075520
0.031718 0.011718
0.011126 0.014835
0.015949 -0.029367
b
0.000000 0.000000
0.000000 0.000000
0.057967 0.043475
0.028466 0.028466
0.006055 0.000000
0.000000 0.000000
c
0.000000 0.000000
0.000000 0.000000
0.047197 0.035398
0.001667 0.000000
0.057781 0.043336
0.000000 0.000000
VNR

a
1.000000 0.000000
0.996621 -0.002860
0.983103 -0.014300
0.979973 -0.014245
0.982783 -0.018565
0.982158 -0.020309
b
-0.500000 -0.866025
-0.500851 -0.864412
-0.504255 -0.857957
-0.505485 -0.854568
-0.503255 -0.860586
-0.503537 -0.861446
c
-0.500000 0.866025
-0.496618 0.863537
-0.483089 0.853584
-0.484007 0.854468
-0.476270 0.848588
-0.476554 0.847862


INR

a
0.539798 -0.392159
0.539798 -0.392159
0.100040 -0.082282
0.119731 -0.082935
0.060642 -0.000969
b
-0.425284 -0.168647
-0.425284 -0.168647
-0.137572 -0.035310
-0.010115 -0.017297
0.000000 0.000000
c
0.074075 0.612187
0.074075 0.612187
-0.004983 0.008797
0.040163 0.302352
0.000000 0.000000


STXNR

a
0.539798 0.392159
0.539095 0.389290
0.099527 0.079461
0.118894 0.079822
0.059616 -0.000174
b
0.358695 0.283983
0.358784 0.283154
0.099666 0.100225
0.019940 -0.000044
0.000000 0.000000
c
0.493132 0.370244
0.491859 0.367989
0.009916 -0.000004
0.238681 0.180345
0.000000 0.000000


SRXNR

a
0.539095 0.389290
0.536285 0.377814
0.099209 0.079209
0.119209 0.079284
0.059580 -0.000280
b
0.358784 0.283154
0.359143 0.279834
0.099716 0.099716
0.019975 0.000000
0.000000 0.000000
c
0.491859 0.367989
0.486768 0.358970
0.009929 0.000000
0.237444 0.178083
0.000000 0.000000


iNR

a
0.000000 0.000000
0.000000 0.000000
0.133891 -0.094947
0.041525 -0.022040
0.010830 -0.015023
0.020920 0.026715
b
0.000000 0.000000
0.000000 0.000000
-0.079893 -0.033396
-0.045651 -0.011717
-0.002369 -0.004051
0.000000 0.000000
c
0.000000 0.000000
0.000000 0.000000
0.009174 0.071007
-0.000777 0.001371
0.009812 0.073870
0.000000 0.000000


sNR

a
0.000000 0.000000
0.000000 0.000000
0.132986 0.091428
0.041007 0.021007
0.010922 0.014563
0.020005 -0.026664
b
0.000000 0.000000
0.000000 0.000000
0.068939 0.051704
0.033089 0.033089
0.004678 0.000000
0.000000 0.000000
c
0.000000 0.000000
0.000000 0.000000
0.056179 0.042134
0.001547 0.000000
0.058012 0.043509
0.000000 0.000000
VNR

a
1.000000 0.000000
0.996621 -0.002860
0.983103 -0.014300
0.979973 -0.014245
0.982783 -0.018565
0.982158 -0.020309
b
-0.500000 -0.866025
-0.500851 -0.864412
-0.504255 -0.857957
-0.505485 -0.854568
-0.503255 -0.860586
-0.503537 -0.861446
c
-0.500000 0.866025
-0.496618 0.863537
-0.483089 0.853584
-0.484007 0.854468
-0.476270 0.848588
-0.476554 0.847862


INR

a
0.539798 -0.392159
0.539798 -0.392159
0.100040 -0.082282
0.119731 -0.082935
0.060642 -0.000969
b
-0.425284 -0.168647
-0.425284 -0.168647
-0.137572 -0.035310
-0.010115 -0.017297
0.000000 0.000000
c
0.074075 0.612187
0.074075 0.612187
-0.004983 0.008797
0.040163 0.302352
0.000000 0.000000


STXNR

a
0.539798 0.392159
0.539095 0.389290
0.099527 0.079461
0.118894 0.079822
0.059616 -0.000174
b
0.358695 0.283983
0.358784 0.283154
0.099666 0.100225
0.019940 -0.000044
0.000000 0.000000
c
0.493132 0.370244
0.491859 0.367989
0.009916 -0.000004
0.238681 0.180345
0.000000 0.000000


SRXNR

a
0.539095 0.389290
0.536285 0.377814
0.099209 0.079209
0.119209 0.079284
0.059580 -0.000280
b
0.358784 0.283154
0.359143 0.279834
0.099716 0.099716
0.019975 0.000000
0.000000 0.000000
c
0.491859 0.367989
0.486768 0.358970
0.009929 0.000000
0.237444 0.178083
0.000000 0.000000


iNR

a
0.000000 0.000000
0.000000 0.000000
0.136545 -0.096829
0.041204 -0.021710
0.009696 -0.013449
0.021322 0.026435
b
0.000000 0.000000
0.000000 0.000000
-0.094965 -0.039697
-0.041776 -0.010723
-0.001994 -0.003410
0.000000 0.000000
c
0.000000 0.000000
0.000000 0.000000
0.009122 0.070601
-0.000668 0.001179
0.008649 0.065108
0.000000 0.000000


sNR

a
0.000000 0.000000
0.000000 0.000000
0.135623 0.093241
0.040688 0.020688
0.009778 0.013038
0.020405 -0.026397
b
0.000000 0.000000
0.000000 0.000000
0.081945 0.061458
0.030280 0.030280
0.003938 0.000000
0.000000 0.000000
c
0.000000 0.000000
0.000000 0.000000
0.055857 0.041893
0.001331 0.000000
0.051131 0.038348
0.000000 0.000000
VNR

a
1.000000 0.000000
0.996621 -0.002860
0.983103 -0.014300
0.979973 -0.014245
0.982783 -0.018565
0.982158 -0.020309
b
-0.500000 -0.866025
-0.500851 -0.864412
-0.504255 -0.857957
-0.505485 -0.854568
-0.503255 -0.860586
-0.503537 -0.861446
c
-0.500000 0.866025
-0.496618 0.863537
-0.483089 0.853584
-0.484007 0.854468
-0.476270 0.848588
-0.476554 0.847862


INR

a
0.539798 -0.392159
0.539798 -0.392159
0.100040 -0.082282
0.119731 -0.082935
0.060642 -0.000969
b
-0.425284 -0.168647
-0.425284 -0.168647
-0.137572 -0.035310
-0.010115 -0.017297
0.000000 0.000000
c
0.074075 0.612187
0.074075 0.612187
-0.004983 0.008797
0.040163 0.302352
0.000000 0.000000


STXNR

a
0.539798 0.392159
0.539095 0.389290
0.099527 0.079461
0.118894 0.079822
0.059616 -0.000174
b
0.358695 0.283983
0.358784 0.283154
0.099666 0.100225
0.019940 -0.000044
0.000000 0.000000
c
0.493132 0.370244
0.491859 0.367989
0.009916 -0.000004
0.238681 0.180345
0.000000 0.000000


SRXNR

a
0.539095 0.389290
0.536285 0.377814
0.099209 0.079209
0.119209 0.079284
0.059580 -0.000280
b
0.358784 0.283154
0.359143 0.279834
0.099716 0.099716
0.019975 0.000000
0.000000 0.000000
c
0.491859 0.367989
0.486768 0.358970
0.009929 0.000000
0.237444 0.178083
0.000000 0.000000


iNR

a
0.000000 0.000000
0.000000 0.000000
0.135833 -0.096324
0.040677 -0.021168
0.009897 -0.013728
0.026233 0.023013
b
0.000000 0.000000
0.000000 0.000000
-0.111543 -0.046627
-0.041405 -0.010627
-0.001901 -0.003250
0.000000 0.000000
c
0.000000 0.000000
0.000000 0.000000
0.008234 0.063726
-0.000669 0.001180
0.008703 0.065519
0.000000 0.000000


sNR

a
0.000000 0.000000
0.000000 0.000000
0.134916 0.092755
0.040164 0.020164
0.009981 0.013308
0.025298 -0.023135
b
0.000000 0.000000
0.000000 0.000000
0.096250 0.072187
0.030011 0.030011
0.003754 0.000000
0.000000 0.000000
c
0.000000 0.000000
0.000000 0.000000
0.050418 0.037813
0.001332 0.000000
0.051454 0.038590
0.000000 0.000000
VNR

a
1.000000 0.000000
0.996621 -0.002860
0.983103 -0.014300
0.979973 -0.014245
0.982783 -0.018565
0.982158 -0.020309
b
-0.500000 -0.866025
-0.500851 -0.864412
-0.504255 -0.857957
-0.505485 -0.854568
-0.503255 -0.860586
-0.503537 -0.861446
c
-0.500000 0.866025
-0.496618 0.863537
-0.483089 0.853584
-0.484007 0.854468
-0.476270 0.848588
-0.476554 0.847862


INR

a
0.539798 -0.392159
0.539798 -0.392159
0.100040 -0.082282
0.119731 -0.082935
0.060642 -0.000969
b
-0.425284 -0.168647
-0.425284 -0.168647
-0.137572 -0.035310
-0.010115 -0.017297
0.000000 0.000000
c
0.074075 0.612187
0.074075 0.612187
-0.004983 0.008797
0.040163 0.302352
0.000000 0.000000


STXNR

a
0.539798 0.392159
0.539095 0.389290
0.099527 0.079461
0.118894 0.079822
0.059616 -0.000174
b
0.358695 0.283983
0.358784 0.283154
0.099666 0.100225
0.019940 -0.000044
0.000000 0.000000
c
0.493132 0.370244
0.491859 0.367989
0.009916 -0.000004
0.238681 0.180345
0.000000 0.000000


SRXNR

a
0.539095 0.389290
0.536285 0.377814
0.099209 0.079209
0.119209 0.079284
0.059580 -0.000280
b
0.358784 0.283154
0.359143 0.279834
0.099716 0.099716
0.019975 0.000000
0.000000 0.000000
c
0.491859 0.367989
0.486768 0.358970
0.009929 0.000000
0.237444 0.178083
0.000000 0.000000


iNR

a
0.000000 0.000000
0.000000 0.000000
0.149458 -0.105986
0.040088 -0.020561
0.009713 -0.013474
0.024070 0.024520
b
0.000000 0.000000
0.000000 0.000000
-0.098757 -0.041282
-0.043422 -0.011145
-0.002636 -0.004508
0.000000 0.000000
c
0.000000 0.000000
0.000000 0.000000
0.006363 0.049246
-0.000668 0.001179
0.008682 0.065360
0.000000 0.000000


sNR

a
0.000000 0.000000
0.000000 0.000000
0.148448 0.102058
0.039578 0.019578
0.009796 0.013062
0.023142 -0.024572
b
0.000000 0.000000
0.000000 0.000000
0.085217 0.063913
0.031474 0.031474
0.005206 0.000000
0.000000 0.000000
c
0.000000 0.000000
0.000000 0.000000
0.038962 0.029222
0.001330 0.000000
0.051329 0.038496
0.000000 0.000000
VNR

a
1.000000 0.000000
0.996621 -0.002860
0.983103 -0.014300
0.979973 -0.014245
0.982783 -0.018565
0.982158 -0.020309
b
-0.500000 -0.866025
-0.500851 -0.864412
-0.504255 -0.857957
-0.505485 -0.854568
-0.503255 -0.860586
-0.503537 -0.861446
c
-0.500000 0.866025
-0.496618 0.863537
-0.483089 0.853584
-0.484007 0.854468
-0.476270 0.848588
-0.476554 0.847862


INR

a
0.539798 -0.392159
0.539798 -0.392159
0.100040 -0.082282
0.119731 -0.082935
0.060642 -0.000969
b
-0.425284 -0.168647
-0.425284 -0.168647
-0.137572 -0.035310
-0.010115 -0.017297
0.000000 0.000000
c
0.074075 0.612187
0.074075 0.612187
-0.004983 0.008797
0.040163 0.302352
0.000000 0.000000


STXNR

a
0.539798 0.392159
0.539095 0.389290
0.099527 0.079461
0.118894 0.079822
0.059616 -0.000174
b
0.358695 0.283983
0.358784 0.283154
0.099666 0.100225
0.019940 -0.000044
0.000000 0.000000
c
0.493132 0.370244
0.491859 0.367989
0.009916 -0.000004
0.238681 0.180345
0.000000 0.000000


SRXNR

a
0.539095 0.389290
0.536285 0.377814
0.099209 0.079209
0.119209 0.079284
0.059580 -0.000280
b
0.358784 0.283154
0.359143 0.279834
0.099716 0.099716
0.019975 0.000000
0.000000 0.000000
c
0.491859 0.367989
0.486768 0.358970
0.009929 0.000000
0.237444 0.178083
0.000000 0.000000


iNR

a
0.000000 0.000000
0.000000 0.000000
0.139627 -0.099015
0.037008 -0.017390
0.008045 -0.011160
0.021695 0.026176
b
0.000000 0.000000
0.000000 0.000000
-0.094050 -0.039314
-0.040999 -0.010523
-0.002765 -0.004728
0.000000 0.000000
c
0.000000 0.000000
0.000000 0.000000
0.005777 0.044714
-0.000667 0.001177
0.012560 0.094553
0.000000 0.000000


sNR

a
0.000000 0.000000
0.000000 0.000000
0.138683 0.095345
0.036514 0.016514
0.008114 0.010818
0.020776 -0.026149
b
0.000000 0.000000
0.000000 0.000000
0.081155 0.060866
0.029717 0.029717
0.005460 0.000000
0.000000 0.000000
c
0.000000 0.000000
0.000000 0.000000
0.035376 0.026532
0.001329 0.000000
0.074255 0.055691
0.000000 0.000000
VNR

a
1.000000 0.000000
0.996621 -0.002860
0.983103 -0.014300
0.979973 -0.014245
0.982783 -0.018565
0.982158 -0.020309
b
-0.500000 -0.866025
-0.500851 -0.864412
-0.504255 -0.857957
-0.505485 -0.854568
-0.503255 -0.860586
-0.503537 -0.861446
c
-0.500000 0.866025
-0.496618 0.863537
-0.483089 0.853584
-0.484007 0.854468
-0.476270 0.848588
-0.476554 0.847862


INR

a
0.539798 -0.392159
0.539798 -0.392159
0.100040 -0.082282
0.119731 -0.082935
0.060642 -0.000969
b
-0.425284 -0.168647
-0.425284 -0.168647
-0.137572 -0.035310
-0.010115 -0.017297
0.000000 0.000000
c
0.074075 0.612187
0.074075 0.612187
-0.004983 0.008797
0.040163 0.302352
0.000000 0.000000


STXNR

a
0.539798 0.392159
0.539095 0.389290
0.099527 0.079461
0.118894 0.079822
0.059616 -0.000174
b
0.358695 0.283983
0.358784 0.283154
0.099666 0.100225
0.019940 -0.000044
0.000000 0.000000
c
0.493132 0.370244
0.491859 0.367989
0.009916 -0.000004
0.238681 0.180345
0.000000 0.000000


SRXNR

a
0.539095 0.389290
0.536285 0.377814
0.099209 0.079209
0.119209 0.079284
0.059580 -0.000280
b
0.358784 0.283154
0.359143 0.279834
0.099716 0.099716
0.019975 0.000000
0.000000 0.000000
c
0.491859 0.367989
0.486768 0.358970
0.009929 0.000000
0.237444 0.178083
0.000000 0.000000


iNR

a
0.000000 0.000000
0.000000 0.000000
0.130374 -0.092453
0.035306 -0.015637
0.007643 -0.010602
0.019012 0.028046
b
0.000000 0.000000
0.000000 0.000000
-0.093396 -0.039041
-0.038683 -0.009929
-0.002759 -0.004718
0.000000 0.000000
c
0.000000 0.000000
0.000000 0.000000
0.005607 0.043398
-0.000744 0.001313
0.012647 0.095209
0.000000 0.000000


sNR

a
0.000000 0.000000
0.000000 0.000000
0.129493 0.089026
0.034821 0.014821
0.007708 0.010278
0.018103 -0.027931
b
0.000000 0.000000
0.000000 0.000000
0.080591 0.060443
0.028038 0.028038
0.005448 0.000000
0.000000 0.000000
c
0.000000 0.000000
0.000000 0.000000
0.034335 0.025751
0.001482 0.000000
0.074770 0.056077
0.000000 0.000000
VNR

a
1.000000 0.000000
0.996621 -0.002860
0.983103 -0.014300
0.979973 -0.014245
0.982783 -0.018565
0.982158 -0.020309
b
-0.500000 -0.866025
-0.500851 -0.864412
-0.504255 -0.857957
-0.505485 -0.854568
-0.503255 -0.860586
-0.503537 -0.861446
c
-0.500000 0.866025
-0.496618 0.863537
-0.483089 0.853584
-0.484007 0.854468
-0.476270 0.848588
-0.476554 0.847862


INR

a
0.539798 -0.392159
0.539798 -0.392159
0.100040 -0.082282
0.119731 -0.082935
0.060642 -0.000969
b
-0.425284 -0.168647
-0.425284 -0.168647
-0.137572 -0.035310
-0.010115 -0.017297
0.000000 0.000000
c
0.074075 0.612187
0.074075 0.612187
-0.004983 0.008797
0.040163 0.302352
0.000000 0.000000


STXNR

a
0.539798 0.392159
0.539095 0.389290
0.099527 0.079461
0.118894 0.079822
0.059616 -0.000174
b
0.358695 0.283983
0.358784 0.283154
0.099666 0.100225
0.019940 -0.000044
0.000000 0.000000
c
0.493132 0.370244
0.491859 0.367989
0.009916 -0.000004
0.238681 0.180345
0.000000 0.000000


SRXNR

a
0.539095 0.389290
0.536285 0.377814
0.099209 0.079209
0.119209 0.079284
0.059580 -0.000280
b
0.358784 0.283154
0.359143 0.279834
0.099716 0.099716
0.019975 0.000000
0.000000 0.000000
c
0.491859 0.367989
0.486768 0.358970
0.009929 0.000000
0.237444 0.178083
0.000000 0.000000


iNR

a
0.000000 0.000000
0.000000 0.000000
0.103611 -0.073474
0.035423 -0.015759
0.007222 -0.010018
0.017853 0.028853
b
0.000000 0.000000
0.000000 0.000000
-0.092910 -0.038838
-0.035517 -0.009116
-0.002792 -0.004775
0.000000 0.000000
c
0.000000 0.000000
0.000000 0.000000
0.005506 0.042613
-0.001038 0.001832
0.012616 0.094973
0.000000 0.000000


sNR

a
0.000000 0.000000
0.000000 0.000000
0.102911 0.070751
0.034939 0.014939
0.007283 0.009711
0.016949 -0.028701
b
0.000000 0.000000
0.000000 0.000000
0.080172 0.060129
0.025743 0.025743
0.005514 0.000000
0.000000 0.000000
c
0.000000 0.000000
0.000000 0.000000
0.033714 0.025285
0.002068 0.000000
0.074585 0.055939
0.000000 0.000000
VNR

a
1.000000 0.000000
0.996621 -0.002860
0.983103 -0.014300
0.979973 -0.014245
0.982783 -0.018565
0.982158 -0.020309
b
-0.500000 -0.866025
-0.500851 -0.864412
-0.504255 -0.857957
-0.505485 -0.854568
-0.503255 -0.860586
-0.503537 -0.861446
c
-0.500000 0.866025
-0.496618 0.863537
-0.483089 0.853584
-0.484007 0.854468
-0.476270 0.848588
-0.476554 0.847862


INR

a
0.539798 -0.392159
0.539798 -0.392159
0.100040 -0.082282
0.119731 -0.082935
0.060642 -0.000969
b
-0.425284 -0.168647
-0.425284 -0.168647
-0.137572 -0.035310
-0.010115 -0.017297
0.000000 0.000000
c
0.074075 0.612187
0.074075 0.612187
-0.004983 0.008797
0.040163 0.302352
0.000000 0.000000


STXNR

a
0.539798 0.392159
0.539095 0.389290
0.099527 0.079461
0.118894 0.079822
0.059616 -0.000174
b
0.358695 0.283983
0.358784 0.283154
0.099666 0.100225
0.019940 -0.000044
0.000000 0.000000
c
0.493132 0.370244
0.491859 0.367989
0.009916 -0.000004
0.238681 0.180345
0.000000 0.000000


SRXNR

a
0.539095 0.389290
0.536285 0.377814
0.099209 0.079209
0.119209 0.079284
0.059580 -0.000280
b
0.358784 0.283154
0.359143 0.279834
0.099716 0.099716
0.019975 0.000000
0.000000 0.000000
c
0.491859 0.367989
0.486768 0.358970
0.009929 0.000000
0.237444 0.178083
0.000000 0.000000


iNR

a
0.000000 0.000000
0.000000 0.000000
0.098235 -0.069662
0.040844 -0.021339
0.011406 -0.015823
0.015630 0.030403
b
0.000000 0.000000
0.000000 0.000000
-0.078703 -0.032899
-0.044529 -0.011429
-0.002801 -0.004789
0.000000 0.000000
c
0.000000 0.000000
0.000000 0.000000
0.005491 0.042496
-0.001038 0.001832
0.012529 0.094318
0.000000 0.000000


sNR

a
0.000000 0.000000
0.000000 0.000000
0.097571 0.067080
0.040330 0.020330
0.011504 0.015338
0.014734 -0.030177
b
0.000000 0.000000
0.000000 0.000000
0.067913 0.050935
0.032276 0.032276
0.005531 0.000000
0.000000 0.000000
c
0.000000 0.000000
0.000000 0.000000
0.033621 0.025216
0.002068 0.000000
0.074070 0.055553
0.000000 0.000000
VNR

a
1.000000 0.000000
0.996621 -0.002860
0.983103 -0.014300
0.979973 -0.014245
0.982783 -0.018565
0.982158 -0.020309
b
-0.500000 -0.866025
-0.500851 -0.864412
-0.504255 -0.857957
-0.505485 -0.854568
-0.503255 -0.860586
-0.503537 -0.861446
c
-0.500000 0.866025
-0.496618 0.863537
-0.483089 0.853584
-0.484007 0.854468
-0.476270 0.848588
-0.476554 0.847862


INR

a
0.539798 -0.392159
0.539798 -0.392159
0.100040 -0.082282
0.119731 -0.082935
0.060642 -0.000969
b
-0.425284 -0.168647
-0.425284 -0.168647
-0.137572 -0.035310
-0.010115 -0.017297
0.000000 0.000000
c
0.074075 0.612187
0.074075 0.612187
-0.004983 0.008797
0.040163 0.302352
0.000000 0.000000


STXNR

a
0.539798 0.392159
0.539095 0.389290
0.099527 0.079461
0.118894 0.079822
0.059616 -0.000174
b
0.358695 0.283983
0.358784 0.283154
0.099666 0.100225
0.019940 -0.000044
0.000000 0.000000
c
0.493132 0.370244
0.491859 0.367989
0.009916 -0.000004
0.238681 0.180345
0.000000 0.000000


SRXNR

a
0.539095 0.389290
0.536285 0.377814
0.099209 0.079209
0.119209 0.079284
0.059580 -0.000280
b
0.358784 0.283154
0.359143 0.279834
0.099716 0.099716
0.019975 0.000000
0.000000 0.000000
c
0.491859 0.367989
0.486768 0.358970
0.009929 0.000000
0.237444 0.178083
0.000000 0.000000


iNR

a
0.000000 0.000000
0.000000 0.000000
0.094123 -0.066746
0.040137 -0.020611
0.011536 -0.016002
0.014251 0.031364
b
0.000000 0.000000
0.000000 0.000000
-0.072532 -0.030320
-0.045739 -0.011740
-0.002805 -0.004797
0.000000 0.000000
c
0.000000 0.000000
0.000000 0.000000
0.005497 0.042544
-0.001078 0.001903
0.014891 0.112103
0.000000 0.000000


sNR

a
0.000000 0.000000
0.000000 0.000000
0.093487 0.064272
0.039627 0.019627
0.011634 0.015512
0.013359 -0.031094
b
0.000000 0.000000
0.000000 0.000000
0.062588 0.046941
0.033153 0.033153
0.005540 0.000000
0.000000 0.000000
c
0.000000 0.000000
0.000000 0.000000
0.033659 0.025244
0.002148 0.000000
0.088037 0.066028
0.000000 0.000000
VNR

a
1.000000 0.000000
0.996621 -0.002860
0.983103 -0.014300
0.979973 -0.014245
0.982783 -0.018565
0.982158 -0.020309
b
-0.500000 -0.866025
-0.500851 -0.864412
-0.504255 -0.857957
-0.505485 -0.854568
-0.503255 -0.860586
-0.503537 -0.861446
c
-0.500000 0.866025
-0.496618 0.863537
-0.483089 0.853584
-0.484007 0.854468
-0.476270 0.848588
-0.476554 0.847862


INR

a
0.539798 -0.392159
0.539798 -0.392159
0.100040 -0.082282
0.119731 -0.082935
0.060642 -0.000969
b
-0.425284 -0.168647
-0.425284 -0.168647
-0.137572 -0.035310
-0.010115 -0.017297
0.000000 0.000000
c
0.074075 0.612187
0.074075 0.612187
-0.004983 0.008797
0.040163 0.302352
0.000000 0.000000


STXNR

a
0.539798 0.392159
0.539095 0.389290
0.099527 0.079461
0.118894 0.079822
0.059616 -0.000174
b
0.358695 0.283983
0.358784 0.283154
0.099666 0.100225
0.019940 -0.000044
0.000000 0.000000
c
0.493132 0.370244
0.491859 0.367989
0.009916 -0.000004
0.238681 0.180345
0.000000 0.000000


SRXNR

a
0.539095 0.389290
0.536285 0.377814
0.099209 0.079209
0.119209 0.079284
0.059580 -0.000280
b
0.358784 0.283154
0.359143 0.279834
0.099716 0.099716
0.019975 0.000000
0.000000 0.000000
c
0.491859 0.367989
0.486768 0.358970
0.009929 0.000000
0.237444 0.178083
0.000000 0.000000


iNR

a
0.000000 0.000000
0.000000 0.000000
0.091100 -0.064602
0.039260 -0.019708
0.011616 -0.016114
0.014120 0.031455
b
0.000000 0.000000
0.000000 0.000000
-0.063420 -0.026511
-0.036543 -0.009379
-0.002817 -0.004817
0.000000 0.000000
c
0.000000 0.000000
0.000000 0.000000
0.005472 0.042351
-0.001096 0.001934
0.013775 0.103702
0.000000 0.000000


sNR

a
0.000000 0.000000
0.000000 0.000000
0.090484 0.062208
0.038754 0.018754
0.011715 0.015621
0.013229 -0.031181
b
0.000000 0.000000
0.000000 0.000000
0.054725 0.041044
0.026487 0.026487
0.005563 0.000000
0.000000 0.000000
c
0.000000 0.000000
0.000000 0.000000
0.033507 0.025130
0.002183 0.000000
0.081440 0.061080
0.000000 0.000000
VNR

a
1.000000 0.000000
0.996621 -0.002860
0.983103 -0.014300
0.979973 -0.014245
0.982783 -0.018565
0.982158 -0.020309
b
-0.500000 -0.866025
-0.500851 -0.864412
-0.504255 -0.857957
-0.505485 -0.854568
-0.503255 -0.860586
-0.503537 -0.861446
c
-0.500000 0.866025
-0.496618 0.863537
-0.483089 0.853584
-0.484007 0.854468
-0.476270 0.848588
-0.476554 0.847862


INR

a
0.539798 -0.392159
0.539798 -0.392159
0.100040 -0.082282
0.119731 -0.082935
0.060642 -0.000969
b
-0.425284 -0.168647
-0.425284 -0.168647
-0.137572 -0.035310
-0.010115 -0.017297
0.000000 0.000000
c
0.074075 0.612187
0.074075 0.612187
-0.004983 0.008797
0.040163 0.302352
0.000000 0.000000


STXNR

a
0.539798 0.392159
0.539095 0.389290
0.099527 0.079461
0.118894 0.079822
0.059616 -0.000174
b
0.358695 0.283983
0.358784 0.283154
0.099666 0.100225
0.019940 -0.000044
0.000000 0.000000
c
0.493132 0.370244
0.491859 0.367989
0.009916 -0.000004
0.238681 0.180345
0.000000 0.000000


SRXNR

a
0.539095 0.389290
0.536285 0.377814
0.099209 0.079209
0.119209 0.079284
0.059580 -0.000280
b
0.358784 0.283154
0.359143 0.279834
0.099716 0.099716
0.019975 0.000000
0.000000 0.000000
c
0.491859 0.367989
0.486768 0.358970
0.009929 0.000000
0.237444 0.178083
0.000000 0.000000


iNR

a
0.000000 0.000000
0.000000 0.000000
0.104088 -0.073813
0.035142 -0.015469
0.011707 -0.016240
0.014051 0.031503
b
0.000000 0.000000
0.000000 0.000000
-0.061140 -0.025558
-0.034070 -0.008745
-0.002115 -0.003617
0.000000 0.000000
c
0.000000 0.000000
0.000000 0.000000
0.005512 0.042661
-0.001099 0.001940
0.012845 0.096696
0.000000 0.000000


sNR

a
0.000000 0.000000
0.000000 0.000000
0.103385 0.071077
0.034659 0.014659
0.011807 0.015743
0.013160 -0.031227
b
0.000000 0.000000
0.000000 0.000000
0.052758 0.039568
0.024694 0.024694
0.004177 0.000000
0.000000 0.000000
c
0.000000 0.000000
0.000000 0.000000
0.033752 0.025314
0.002189 0.000000
0.075937 0.056953
0.000000 0.000000
VNR

a
1.000000 0.000000
0.996621 -0.002860
0.983103 -0.014300
0.979973 -0.014245
0.982783 -0.018565
0.982158 -0.020309
b
-0.500000 -0.866025
-0.500851 -0.864412
-0.504255 -0.857957
-0.505485 -0.854568
-0.503255 -0.860586
-0.503537 -0.861446
c
-0.500000 0.866025
-0.496618 0.863537
-0.483089 0.853584
-0.484007 0.854468
-0.476270 0.848588
-0.476554 0.847862


INR

a
0.539798 -0.392159
0.539798 -0.392159
0.100040 -0.082282
0.119731 -0.082935
0.060642 -0.000969
b
-0.425284 -0.168647
-0.425284 -0.168647
-0.137572 -0.035310
-0.010115 -0.017297
0.000000 0.000000
c
0.074075 0.612187
0.074075 0.612187
-0.004983 0.008797
0.040163 0.302352
0.000000 0.000000


STXNR

a
0.539798 0.392159
0.539095 0.389290
0.099527 0.079461
0.118894 0.079822
0.059616 -0.000174
b
0.358695 0.283983
0.358784 0.283154
0.099666 0.100225
0.019940 -0.000044
0.000000 0.000000
c
0.493132 0.370244
0.491859 0.367989
0.009916 -0.000004
0.238681 0.180345
0.000000 0.000000


SRXNR

a
0.539095 0.389290
0.536285 0.377814
0.099209 0.079209
0.119209 0.079284
0.059580 -0.000280
b
0.358784 0.283154
0.359143 0.279834
0.099716 0.099716
0.019975 0.000000
0.000000 0.000000
c
0.491859 0.367989
0.486768 0.358970
0.009929 0.000000
0.237444 0.178083
0.000000 0.000000


iNR

a
0.000000 0.000000
0.000000 0.000000
0.106173 -0.075291
0.024160 -0.004163
0.014363 -0.019924
0.014130 0.031448
b
0.000000 0.000000
0.000000 0.000000
-0.060303 -0.025208
-0.025578 -0.006565
-0.002068 -0.003536
0.000000 0.000000
c
0.000000 0.000000
0.000000 0.000000
0.005653 0.043749
-0.001194 0.002107
0.011288 0.084976
0.000000 0.000000


sNR

a
0.000000 0.000000
0.000000 0.000000
0.105456 0.072501
0.023735 0.003735
0.014486 0.019314
0.013239 -0.031174
b
0.000000 0.000000
0.000000 0.000000
0.052035 0.039026
0.018540 0.018540
0.004083 0.000000
0.000000 0.000000
c
0.000000 0.000000
0.000000 0.000000
0.034613 0.025960
0.002378 0.000000
0.066734 0.050050
0.000000 0.000000
VNR

a
1.000000 0.000000
0.996621 -0.002860
0.983103 -0.014300
0.979973 -0.014245
0.982783 -0.018565
0.982158 -0.020309
b
-0.500000 -0.866025
-0.500851 -0.864412
-0.504255 -0.857957
-0.505485 -0.854568
-0.503255 -0.860586
-0.503537 -0.861446
c
-0.500000 0.866025
-0.496618 0.863537
-0.483089 0.853584
-0.484007 0.854468
-0.476270 0.848588
-0.476554 0.847862


INR

a
0.539798 -0.392159
0.539798 -0.392159
0.100040 -0.082282
0.119731 -0.082935
0.060642 -0.000969
b
-0.425284 -0.168647
-0.425284 -0.168647
-0.137572 -0.035310
-0.010115 -0.017297
0.000000 0.000000
c
0.074075 0.612187
0.074075 0.612187
-0.004983 0.008797
0.040163 0.302352
0.000000 0.000000


STXNR

a
0.539798 0.392159
0.539095 0.389290
0.099527 0.079461
0.118894 0.079822
0.059616 -0.000174
b
0.358695 0.283983
0.358784 0.283154
0.099666 0.100225
0.019940 -0.000044
0.000000 0.000000
c
0.493132 0.370244
0.491859 0.367989
0.009916 -0.000004
0.238681 0.180345
0.000000 0.000000


SRXNR

a
0.539095 0.389290
0.536285 0.377814
0.099209 0.079209
0.119209 0.079284
0.059580 -0.000280
b
0.358784 0.283154
0.359143 0.279834
0.099716 0.099716
0.019975 0.000000
0.000000 0.000000
c
0.491859 0.367989
0.486768 0.358970
0.009929 0.000000
0.237444 0.178083
0.000000 0.000000


iNR

a
0.000000 0.000000
0.000000 0.000000
0.121422 -0.086105
0.021613 -0.001541
0.017162 -0.023807
0.014105 0.031465
b
0.000000 0.000000
0.000000 0.000000
-0.069647 -0.029114
-0.023059 -0.005918
-0.002061 -0.003525
0.000000 0.000000
c
0.000000 0.000000
0.000000 0.000000
0.010041 0.077717
-0.001413 0.002494
0.009557 0.071946
0.000000 0.000000


sNR

a
0.000000 0.000000
0.000000 0.000000
0.120602 0.082914
0.021202 0.001202
0.017309 0.023079
0.013215 -0.031190
b
0.000000 0.000000
0.000000 0.000000
0.060098 0.045074
0.016714 0.016714
0.004071 0.000000
0.000000 0.000000
c
0.000000 0.000000
0.000000 0.000000
0.061487 0.046115
0.002815 0.000000
0.056501 0.042376
0.000000 0.000000
VNR

a
1.000000 0.000000
0.996621 -0.002860
0.983103 -0.014300
0.979973 -0.014245
0.982783 -0.018565
0.982158 -0.020309
b
-0.500000 -0.866025
-0.500851 -0.864412
-0.504255 -0.857957
-0.505485 -0.854568
-0.503255 -0.860586
-0.503537 -0.861446
c
-0.500000 0.866025
-0.496618 0.863537
-0.483089 0.853584
-0.484007 0.854468
-0.476270 0.848588
-0.476554 0.847862


INR

a
0.539798 -0.392159
0.539798 -0.392159
0.100040 -0.082282
0.119731 -0.082935
0.060642 -0.000969
b
-0.425284 -0.168647
-0.425284 -0.168647
-0.137572 -0.035310
-0.010115 -0.017297
0.000000 0.000000
c
0.074075 0.612187
0.074075 0.612187
-0.004983 0.008797
0.040163 0.302352
0.000000 0.000000


STXNR

a
0.539798 0.392159
0.539095 0.389290
0.099527 0.079461
0.118894 0.079822
0.059616 -0.000174
b
0.358695 0.283983
0.358784 0.283154
0.099666 0.100225
0.019940 -0.000044
0.000000 0.000000
c
0.493132 0.370244
0.491859 0.367989
0.009916 -0.000004
0.238681 0.180345
0.000000 0.000000


SRXNR

a
0.539095 0.389290
0.536285 0.377814
0.099209 0.079209
0.119209 0.079284
0.059580 -0.000280
b
0.358784 0.283154
0.359143 0.279834
0.099716 0.099716
0.019975 0.000000
0.000000 0.000000
c
0.491859 0.367989
0.486768 0.358970
0.009929 0.000000
0.237444 0.178083
0.000000 0.000000


iNR

a
0.000000 0.000000
0.000000 0.000000
0.124805 -0.088504
0.020212 -0.000098
0.015449 -0.021430
0.009775 0.034483
b
0.000000 0.000000
0.000000 0.000000
-0.080251 -0.033546
-0.021145 -0.005427
-0.002481 -0.004243
0.000000 0.000000
c
0.000000 0.000000
0.000000 0.000000
0.011655 0.090206
-0.000941 0.001662
0.010483 0.078919
0.000000 0.000000


sNR

a
0.000000 0.000000
0.000000 0.000000
0.123962 0.085224
0.019809 -0.000191
0.015581 0.020774
0.008900 -0.034066
b
0.000000 0.000000
0.000000 0.000000
0.069248 0.051936
0.015326 0.015326
0.004900 0.000000
0.000000 0.000000
c
0.000000 0.000000
0.000000 0.000000
0.071368 0.053526
0.001876 0.000000
0.061977 0.046483
0.000000 0.000000
VNR

a
1.000000 0.000000
0.996621 -0.002860
0.983103 -0.014300
0.979973 -0.014245
0.982783 -0.018565
0.982158 -0.020309
b
-0.500000 -0.866025
-0.500851 -0.864412
-0.504255 -0.857957
-0.505485 -0.854568
-0.503255 -0.860586
-0.503537 -0.861446
c
-0.500000 0.866025
-0.496618 0.863537
-0.483089 0.853584
-0.484007 0.854468
-0.476270 0.848588
-0.476554 0.847862


INR

a
0.539798 -0.392159
0.539798 -0.392159
0.100040 -0.082282
0.119731 -0.082935
0.060642 -0.000969
b
-0.425284 -0.168647
-0.425284 -0.168647
-0.137572 -0.035310
-0.010115 -0.017297
0.000000 0.000000
c
0.074075 0.612187
0.074075 0.612187
-0.004983 0.008797
0.040163 0.302352
0.000000 0.000000


STXNR

a
0.539798 0.392159
0.539095 0.389290
0.099527 0.079461
0.118894 0.079822
0.059616 -0.000174
b
0.358695 0.283983
0.358784 0.283154
0.099666 0.100225
0.019940 -0.000044
0.000000 0.000000
c
0.493132 0.370244
0.491859 0.367989
0.009916 -0.000004
0.238681 0.180345
0.000000 0.000000


SRXNR

a
0.539095 0.389290
0.536285 0.377814
0.099209 0.079209
0.119209 0.079284
0.059580 -0.000280
b
0.358784 0.283154
0.359143 0.279834
0.099716 0.099716
0.019975 0.000000
0.000000 0.000000
c
0.491859 0.367989
0.486768 0.358970
0.009929 0.000000
0.237444 0.178083
0.000000 0.000000


iNR

a
0.000000 0.000000
0.000000 0.000000
0.133187 -0.094448
0.024634 -0.004651
0.015066 -0.020899
0.009046 0.034991
b
0.000000 0.000000
0.000000 0.000000
-0.079857 -0.033382
-0.020823 -0.005345
-0.003591 -0.006141
0.000000 0.000000
c
0.000000 0.000000
0.000000 0.000000
0.011703 0.090578
-0.000837 0.001478
0.012781 0.096217
0.000000 0.000000


sNR

a
0.000000 0.000000
0.000000 0.000000
0.132287 0.090948
0.024207 0.004207
0.015194 0.020259
0.008174 -0.034551
b
0.000000 0.000000
0.000000 0.000000
0.068908 0.051681
0.015093 0.015093
0.007092 0.000000
0.000000 0.000000
c
0.000000 0.000000
0.000000 0.000000
0.071662 0.053747
0.001668 0.000000
0.075561 0.056671
0.000000 0.000000
VNR

a
1.000000 0.000000
0.996621 -0.002860
0.983103 -0.014300
0.979973 -0.014245
0.982783 -0.018565
0.982158 -0.020309
b
-0.500000 -0.866025
-0.500851 -0.864412
-0.504255 -0.857957
-0.505485 -0.854568
-0.503255 -0.860586
-0.503537 -0.861446
c
-0.500000 0.866025
-0.496618 0.863537
-0.483089 0.853584
-0.484007 0.854468
-0.476270 0.848588
-0.476554 0.847862


INR

a
0.539798 -0.392159
0.539798 -0.392159
0.100040 -0.082282
0.119731 -0.082935
0.060642 -0.000969
b
-0.425284 -0.168647
-0.425284 -0.168647
-0.137572 -0.035310
-0.010115 -0.017297
0.000000 0.000000
c
0.074075 0.612187
0.074075 0.612187
-0.004983 0.008797
0.040163 0.302352
0.000000 0.000000


STXNR

a
0.539798 0.392159
0.539095 0.389290
0.099527 0.079461
0.118894 0.079822
0.059616 -0.000174
b
0.358695 0.283983
0.358784 0.283154
0.099666 0.100225
0.019940 -0.000044
0.000000 0.000000
c
0.493132 0.370244
0.491859 0.367989
0.009916 -0.000004
0.238681 0.180345
0.000000 0.000000


SRXNR

a
0.539095 0.389290
0.536285 0.377814
0.099209 0.079209
0.119209 0.079284
0.059580 -0.000280
b
0.358784 0.283154
0.359143 0.279834
0.099716 0.099716
0.019975 0.000000
0.000000 0.000000
c
0.491859 0.367989
0.486768 0.358970
0.009929 0.000000
0.237444 0.178083
0.000000 0.000000


iNR

a
0.000000 0.000000
0.000000 0.000000
0.120970 -0.085784
0.024752 -0.004773
0.013329 -0.018489
0.008985 0.035034
b
0.000000 0.000000
0.000000 0.000000
-0.079850 -0.033379
-0.022167 -0.005690
-0.003401 -0.005815
0.000000 0.000000
c
0.000000 0.000000
0.000000 0.000000
0.011587 0.089682
-0.000792 0.001398
0.012689 0.095528
0.000000 0.000000


sNR

a
0.000000 0.000000
0.000000 0.000000
0.120152 0.082605
0.024324 0.004324
0.013442 0.017923
0.008113 -0.034592
b
0.000000 0.000000
0.000000 0.000000
0.068902 0.051677
0.016067 0.016067
0.006716 0.000000
0.000000 0.000000
c
0.000000 0.000000
0.000000 0.000000
0.070954 0.053215
0.001577 0.000000
0.075020 0.056265
0.000000 0.000000
VNR

a
1.000000 0.000000
0.996621 -0.002860
0.983103 -0.014300
0.979973 -0.014245
0.982783 -0.018565
0.982158 -0.020309
b
-0.500000 -0.866025
-0.500851 -0.864412
-0.504255 -0.857957
-0.505485 -0.854568
-0.503255 -0.860586
-0.503537 -0.861446
c
-0.500000 0.866025
-0.496618 0.863537
-0.483089 0.853584
-0.484007 0.854468
-0.476270 0.848588
-0.476554 0.847862


INR

a
0.539798 -0.392159
0.539798 -0.392159
0.100040 -0.082282
0.119731 -0.082935
0.060642 -0.000969
b
-0.425284 -0.168647
-0.425284 -0.168647
-0.137572 -0.035310
-0.010115 -0.017297
0.000000 0.000000
c
0.074075 0.612187
0.074075 0.612187
-0.004983 0.008797
0.040163 0.302352
0.000000 0.000000


STXNR

a
0.539798 0.392159
0.539095 0.389290
0.099527 0.079461
0.118894 0.079822
0.059616 -0.000174
b
0.358695 0.283983
0.358784 0.283154
0.099666 0.100225
0.019940 -0.000044
0.000000 0.000000
c
0.493132 0.370244
0.491859 0.367989
0.009916 -0.000004
0.238681 0.180345
0.000000 0.000000


SRXNR

a
0.539095 0.389290
0.536285 0.377814
0.099209 0.079209
0.119209 0.079284
0.059580 -0.000280
b
0.358784 0.283154
0.359143 0.279834
0.099716 0.099716
0.019975 0.000000
0.000000 0.000000
c
0.491859 0.367989
0.486768 0.358970
0.009929 0.000000
0.237444 0.178083
0.000000 0.000000


iNR

a
0.000000 0.000000
0.000000 0.000000
0.112763 -0.079965
0.024608 -0.004624
0.012611 -0.017494
0.013768 0.031700
b
0.000000 0.000000
0.000000 0.000000
-0.079794 -0.033355
-0.023606 -0.006059
-0.003189 -0.005453
0.000000 0.000000
c
0.000000 0.000000
0.000000 0.000000
0.011585 0.089662
-0.000874 0.001542
0.012649 0.095225
0.000000 0.000000


sNR

a
0.000000 0.000000
0.000000 0.000000
0.112001 0.077001
0.024181 0.004181
0.012719 0.016958
0.012879 -0.031414
b
0.000000 0.000000
0.000000 0.000000
0.068854 0.051640
0.017110 0.017110
0.006298 0.000000
0.000000 0.000000
c
0.000000 0.000000
0.000000 0.000000
0.070937 0.053203
0.001740 0.000000
0.074783 0.056087
0.000000 0.000000
VNR

a
1.000000 0.000000
0.996621 -0.002860
0.983103 -0.014300
0.979973 -0.014245
0.982783 -0.018565
0.982158 -0.020309
b
-0.500000 -0.866025
-0.500851 -0.864412
-0.504255 -0.857957
-0.505485 -0.854568
-0.503255 -0.860586
-0.503537 -0.861446
c
-0.500000 0.866025
-0.496618 0.863537
-0.483089 0.853584
-0.484007 0.854468
-0.476270 0.848588
-0.476554 0.847862


INR

a
0.539798 -0.392159
0.539798 -0.392159
0.100040 -0.082282
0.119731 -0.082935
0.060642 -0.000969
b
-0.425284 -0.168647
-0.425284 -0.168647
-0.137572 -0.035310
-0.010115 -0.017297
0.000000 0.000000
c
0.074075 0.612187
0.074075 0.612187
-0.004983 0.008797
0.040163 0.302352
0.000000 0.000000


STXNR

a
0.539798 0.392159
0.539095 0.389290
0.099527 0.079461
0.118894 0.079822
0.059616 -0.000174
b
0.358695 0.283983
0.358784 0.283154
0.099666 0.100225
0.019940 -0.000044
0.000000 0.000000
c
0.493132 0.370244
0.491859 0.367989
0.009916 -0.000004
0.238681 0.180345
0.000000 0.000000


SRXNR

a
0.539095 0.389290
0.536285 0.377814
0.099209 0.079209
0.119209 0.079284
0.059580 -0.000280
b
0.358784 0.283154
0.359143 0.279834
0.099716 0.099716
0.019975 0.000000
0.000000 0.000000
c
0.491859 0.367989
0.486768 0.358970
0.009929 0.000000
0.237444 0.178083
0.000000 0.000000


iNR

a
0.000000 0.000000
0.000000 0.000000
0.112705 -0.079923
0.024402 -0.004412
0.011330 -0.015717
0.018184 0.028623
b
0.000000 0.000000
0.000000 0.000000
-0.079013 -0.033029
-0.034514 -0.008859
-0.003100 -0.005301
0.000000 0.000000
c
0.000000 0.000000
0.000000 0.000000
0.012019 0.093023
-0.000955 0.001686
0.012611 0.094940
0.000000 0.000000


sNR

a
0.000000 0.000000
0.000000 0.000000
0.111943 0.076961
0.023976 0.003976
0.011427 0.015236
0.017278 -0.028481
b
0.000000 0.000000
0.000000 0.000000
0.068180 0.051135
0.025016 0.025016
0.006122 0.000000
0.000000 0.000000
c
0.000000 0.000000
0.000000 0.000000
0.073597 0.055198
0.001903 0.000000
0.074558 0.055919
0.000000 0.000000
VNR

a
1.000000 0.000000
0.996621 -0.002860
0.983103 -0.014300
0.979973 -0.014245
0.982783 -0.018565
0.982158 -0.020309
b
-0.500000 -0.866025
-0.500851 -0.864412
-0.504255 -0.857957
-0.505485 -0.854568
-0.503255 -0.860586
-0.503537 -0.861446
c
-0.500000 0.866025
-0.496618 0.863537
-0.483089 0.853584
-0.484007 0.854468
-0.476270 0.848588
-0.476554 0.847862


INR

a
0.539798 -0.392159
0.539798 -0.392159
0.100040 -0.082282
0.119731 -0.082935
0.060642 -0.000969
b
-0.425284 -0.168647
-0.425284 -0.168647
-0.137572 -0.035310
-0.010115 -0.017297
0.000000 0.000000
c
0.074075 0.612187
0.074075 0.612187
-0.004983 0.008797
0.040163 0.302352
0.000000 0.000000


STXNR

a
0.539798 0.392159
0.539095 0.389290
0.099527 0.079461
0.118894 0.079822
0.059616 -0.000174
b
0.358695 0.283983
0.358784 0.283154
0.099666 0.100225
0.019940 -0.000044
0.000000 0.000000
c
0.493132 0.370244
0.491859 0.367989
0.009916 -0.000004
0.238681 0.180345
0.000000 0.000000


SRXNR

a
0.539095 0.389290
0.536285 0.377814
0.099209 0.079209
0.119209 0.079284
0.059580 -0.000280
b
0.358784 0.283154
0.359143 0.279834
0.099716 0.099716
0.019975 0.000000
0.000000 0.000000
c
0.491859 0.367989
0.486768 0.358970
0.009929 0.000000
0.237444 0.178083
0.000000 0.000000


iNR

a
0.000000 0.000000
0.000000 0.000000
0.097740 -0.069311
0.024048 -0.004048
0.008331 -0.011557
0.016401 0.029865
b
0.000000 0.000000
0.000000 0.000000
-0.062885 -0.026287
-0.035406 -0.009088
-0.001873 -0.003203
0.000000 0.000000
c
0.000000 0.000000
0.000000 0.000000
0.010882 0.084226
-0.000945 0.001669
0.012726 0.095805
0.000000 0.000000


sNR

a
0.000000 0.000000
0.000000 0.000000
0.097080 0.066743
0.023624 0.003624
0.008402 0.011203
0.015502 -0.029665
b
0.000000 0.000000
0.000000 0.000000
0.054263 0.040698
0.025663 0.025663
0.003699 0.000000
0.000000 0.000000
c
0.000000 0.000000
0.000000 0.000000
0.066637 0.049978
0.001883 0.000000
0.075238 0.056428
0.000000 0.000000
VNR

a
1.000000 0.000000
0.996621 -0.002860
0.983103 -0.014300
0.979973 -0.014245
0.982783 -0.018565
0.982158 -0.020309
b
-0.500000 -0.866025
-0.500851 -0.864412
-0.504255 -0.857957
-0.505485 -0.854568
-0.503255 -0.860586
-0.503537 -0.861446
c
-0.500000 0.866025
-0.496618 0.863537
-0.483089 0.853584
-0.484007 0.854468
-0.476270 0.848588
-0.476554 0.847862


INR

a
0.539798 -0.392159
0.539798 -0.392159
0.100040 -0.082282
0.119731 -0.082935
0.060642 -0.000969
b
-0.425284 -0.168647
-0.425284 -0.168647
-0.137572 -0.035310
-0.010115 -0.017297
0.000000 0.000000
c
0.074075 0.612187
0.074075 0.612187
-0.004983 0.008797
0.040163 0.302352
0.000000 0.000000


STXNR

a
0.539798 0.392159
0.539095 0.389290
0.099527 0.079461
0.118894 0.079822
0.059616 -0.000174
b
0.358695 0.283983
0.358784 0.283154
0.099666 0.100225
0.019940 -0.000044
0.000000 0.000000
c
0.493132 0.370244
0.491859 0.367989
0.009916 -0.000004
0.238681 0.180345
0.000000 0.000000


SRXNR

a
0.539095 0.389290
0.536285 0.377814
0.099209 0.079209
0.119209 0.079284
0.059580 -0.000280
b
0.358784 0.283154
0.359143 0.279834
0.099716 0.099716
0.019975 0.000000
0.000000 0.000000
c
0.491859 0.367989
0.486768 0.358970
0.009929 0.000000
0.237444 0.178083
0.000000 0.000000


iNR

a
0.000000 0.000000
0.000000 0.000000
0.109129 -0.077387
0.025305 -0.005342
0.007272 -0.010087
0.016137 0.030049
b
0.000000 0.000000
0.000000 0.000000
-0.056939 -0.023802
-0.034640 -0.008891
-0.001476 -0.002524
0.000000 0.000000
c
0.000000 0.000000
0.000000 0.000000
0.009352 0.072385
-0.001204 0.002125
0.004616 0.034747
0.000000 0.000000


sNR

a
0.000000 0.000000
0.000000 0.000000
0.108392 0.074519
0.024875 0.004875
0.007334 0.009778
0.015238 -0.029841
b
0.000000 0.000000
0.000000 0.000000
0.049133 0.036850
0.025108 0.025108
0.002915 0.000000
0.000000 0.000000
c
0.000000 0.000000
0.000000 0.000000
0.057269 0.042951
0.002399 0.000000
0.027287 0.020465
0.000000 0.000000
VNR

a
1.000000 0.000000
0.996621 -0.002860
0.983103 -0.014300
0.979973 -0.014245
0.982783 -0.018565
0.982158 -0.020309
b
-0.500000 -0.866025
-0.500851 -0.864412
-0.504255 -0.857957
-0.505485 -0.854568
-0.503255 -0.860586
-0.503537 -0.861446
c
-0.500000 0.866025
-0.496618 0.863537
-0.483089 0.853584
-0.484007 0.854468
-0.476270 0.848588
-0.476554 0.847862


INR

a
0.539798 -0.392159
0.539798 -0.392159
0.100040 -0.082282
0.119731 -0.082935
0.060642 -0.000969
b
-0.425284 -0.168647
-0.425284 -0.168647
-0.137572 -0.035310
-0.010115 -0.017297
0.000000 0.000000
c
0.074075 0.612187
0.074075 0.612187
-0.004983 0.008797
0.040163 0.302352
0.000000 0.000000


STXNR

a
0.539798 0.392159
0.539095 0.389290
0.099527 0.079461
0.118894 0.079822
0.059616 -0.000174
b
0.358695 0.283983
0.358784 0.283154
0.099666 0.100225
0.019940 -0.000044
0.000000 0.000000
c
0.493132 0.370244
0.491859 0.367989
0.009916 -0.000004
0.238681 0.180345
0.000000 0.000000


SRXNR

a
0.539095 0.389290
0.536285 0.377814
0.099209 0.079209
0.119209 0.079284
0.059580 -0.000280
b
0.358784 0.283154
0.359143 0.279834
0.099716 0.099716
0.019975 0.000000
0.000000 0.000000
c
0.491859 0.367989
0.486768 0.358970
0.009929 0.000000
0.237444 0.178083
0.000000 0.000000


iNR

a
0.000000 0.000000
0.000000 0.000000
0.108133 -0.076681
0.033545 -0.013824
0.007002 -0.009713
0.015822 0.030269
b
0.000000 0.000000
0.000000 0.000000
-0.080688 -0.033729
-0.033388 -0.008570
-0.001123 -0.001921
0.000000 0.000000
c
0.000000 0.000000
0.000000 0.000000
0.007881 0.060998
-0.001151 0.002032
0.012138 0.091378
0.000000 0.000000


sNR

a
0.000000 0.000000
0.000000 0.000000
0.107402 0.073839
0.033070 0.013070
0.007061 0.009415
0.014925 -0.030050
b
0.000000 0.000000
0.000000 0.000000
0.069625 0.052219
0.024201 0.024201
0.002218 0.000000
0.000000 0.000000
c
0.000000 0.000000
0.000000 0.000000
0.048260 0.036195
0.002294 0.000000
0.071761 0.053821
0.000000 0.000000
VNR

a
1.000000 0.000000
0.996621 -0.002860
0.983103 -0.014300
0.979973 -0.014245
0.982783 -0.018565
0.982158 -0.020309
b
-0.500000 -0.866025
-0.500851 -0.864412
-0.504255 -0.857957
-0.505485 -0.854568
-0.503255 -0.860586
-0.503537 -0.861446
c
-0.500000 0.866025
-0.496618 0.863537
-0.483089 0.853584
-0.484007 0.854468
-0.476270 0.848588
-0.476554 0.847862


INR

a
0.539798 -0.392159
0.539798 -0.392159
0.100040 -0.082282
0.119731 -0.082935
0.060642 -0.000969
b
-0.425284 -0.168647
-0.425284 -0.168647
-0.137572 -0.035310
-0.010115 -0.017297
0.000000 0.000000
c
0.074075 0.612187
0.074075 0.612187
-0.004983 0.008797
0.040163 0.302352
0.000000 0.000000


STXNR

a
0.539798 0.392159
0.539095 0.389290
0.099527 0.079461
0.118894 0.079822
0.059616 -0.000174
b
0.358695 0.283983
0.358784 0.283154
0.099666 0.100225
0.019940 -0.000044
0.000000 0.000000
c
0.493132 0.370244
0.491859 0.367989
0.009916 -0.000004
0.238681 0.180345
0.000000 0.000000


SRXNR

a
0.539095 0.389290
0.536285 0.377814
0.099209 0.079209
0.119209 0.079284
0.059580 -0.000280
b
0.358784 0.283154
0.359143 0.279834
0.099716 0.099716
0.019975 0.000000
0.000000 0.000000
c
0.491859 0.367989
0.486768 0.358970
0.009929 0.000000
0.237444 0.178083
0.000000 0.000000


iNR

a
0.000000 0.000000
0.000000 0.000000
0.108183 -0.076716
0.036733 -0.017107
0.006936 -0.009621
0.015720 0.030340
b
0.000000 0.000000
0.000000 0.000000
-0.082763 -0.034596
-0.033384 -0.008569
-0.001853 -0.003168
0.000000 0.000000
c
0.000000 0.000000
0.000000 0.000000
0.005938 0.045961
-0.001525 0.002692
0.009159 0.068947
0.000000 0.000000


sNR

a
0.000000 0.000000
0.000000 0.000000
0.107452 0.073873
0.036241 0.016241
0.006995 0.009327
0.014824 -0.030117
b
0.000000 0.000000
0.000000 0.000000
0.071416 0.053562
0.024198 0.024198
0.003659 0.000000
0.000000 0.000000
c
0.000000 0.000000
0.000000 0.000000
0.036362 0.027272
0.003038 0.000000
0.054146 0.040609
0.000000 0.000000
VNR

a
1.000000 0.000000
0.996621 -0.002860
0.983103 -0.014300
0.979973 -0.014245
0.982783 -0.018565
0.982158 -0.020309
b
-0.500000 -0.866025
-0.500851 -0.864412
-0.504255 -0.857957
-0.505485 -0.854568
-0.503255 -0.860586
-0.503537 -0.861446
c
-0.500000 0.866025
-0.496618 0.863537
-0.483089 0.853584
-0.484007 0.854468
-0.476270 0.848588
-0.476554 0.847862


INR

a
0.539798 -0.392159
0.539798 -0.392159
0.100040 -0.082282
0.119731 -0.082935
0.060642 -0.000969
b
-0.425284 -0.168647
-0.425284 -0.168647
-0.137572 -0.035310
-0.010115 -0.017297
0.000000 0.000000
c
0.074075 0.612187
0.074075 0.612187
-0.004983 0.008797
0.040163 0.302352
0.000000 0.000000


STXNR

a
0.539798 0.392159
0.539095 0.389290
0.099527 0.079461
0.118894 0.079822
0.059616 -0.000174
b
0.358695 0.283983
0.358784 0.283154
0.099666 0.100225
0.019940 -0.000044
0.000000 0.000000
c
0.493132 0.370244
0.491859 0.367989
0.009916 -0.000004
0.238681 0.180345
0.000000 0.000000


SRXNR

a
0.539095 0.389290
0.536285 0.377814
0.099209 0.079209
0.119209 0.079284
0.059580 -0.000280
b
0.358784 0.283154
0.359143 0.279834
0.099716 0.099716
0.019975 0.000000
0.000000 0.000000
c
0.491859 0.367989
0.486768 0.358970
0.009929 0.000000
0.237444 0.178083
0.000000 0.000000


iNR

a
0.000000 0.000000
0.000000 0.000000
0.111691 -0.079204
0.036949 -0.017329
0.006874 -0.009535
0.010617 0.033896
b
0.000000 0.000000
0.000000 0.000000
-0.082362 -0.034429
-0.033377 -0.008567
-0.002107 -0.003604
0.000000 0.000000
c
0.000000 0.000000
0.000000 0.000000
0.005838 0.045182
-0.001652 0.002917
0.008654 0.065150
0.000000 0.000000


sNR

a
0.000000 0.000000
0.000000 0.000000
0.110937 0.076269
0.036456 0.016456
0.006933 0.009244
0.009739 -0.033507
b
0.000000 0.000000
0.000000 0.000000
0.071070 0.053302
0.024192 0.024192
0.004162 0.000000
0.000000 0.000000
c
0.000000 0.000000
0.000000 0.000000
0.035747 0.026810
0.003292 0.000000
0.051164 0.038373
0.000000 0.000000
VNR

a
1.000000 0.000000
0.996621 -0.002860
0.983103 -0.014300
0.979973 -0.014245
0.982783 -0.018565
0.982158 -0.020309
b
-0.500000 -0.866025
-0.500851 -0.864412
-0.504255 -0.857957
-0.505485 -0.854568
-0.503255 -0.860586
-0.503537 -0.861446
c
-0.500000 0.866025
-0.496618 0.863537
-0.483089 0.853584
-0.484007 0.854468
-0.476270 0.848588
-0.476554 0.847862


INR

a
0.539798 -0.392159
0.539798 -0.392159
0.100040 -0.082282
0.119731 -0.082935
0.060642 -0.000969
b
-0.425284 -0.168647
-0.425284 -0.168647
-0.137572 -0.035310
-0.010115 -0.017297
0.000000 0.000000
c
0.074075 0.612187
0.074075 0.612187
-0.004983 0.008797
0.040163 0.302352
0.000000 0.000000


STXNR

a
0.539798 0.392159
0.539095 0.389290
0.099527 0.079461
0.118894 0.079822
0.059616 -0.000174
b
0.358695 0.283983
0.358784 0.283154
0.099666 0.100225
0.019940 -0.000044
0.000000 0.000000
c
0.493132 0.370244
0.491859 0.367989
0.009916 -0.000004
0.238681 0.180345
0.000000 0.000000


SRXNR

a
0.539095 0.389290
0.536285 0.377814
0.099209 0.079209
0.119209 0.079284
0.059580 -0.000280
b
0.358784 0.283154
0.359143 0.279834
0.099716 0.099716
0.019975 0.000000
0.000000 0.000000
c
0.491859 0.367989
0.486768 0.358970
0.009929 0.000000
0.237444 0.178083
0.000000 0.000000


iNR

a
0.000000 0.000000
0.000000 0.000000
0.191604 -0.135873
0.036311 -0.016672
0.006864 -0.009521
0.009391 0.034751
b
0.000000 0.000000
0.000000 0.000000
-0.082960 -0.034679
-0.039441 -0.010123
-0.002069 -0.003539
0.000000 0.000000
c
0.000000 0.000000
0.000000 0.000000
0.005738 0.044411
-0.001543 0.002724
0.008257 0.062159
0.000000 0.000000


sNR

a
0.000000 0.000000
0.000000 0.000000
0.190309 0.130838
0.035821 0.015821
0.006922 0.009230
0.008518 -0.034321
b
0.000000 0.000000
0.000000 0.000000
0.071586 0.053690
0.028588 0.028588
0.004087 0.000000
0.000000 0.000000
c
0.000000 0.000000
0.000000 0.000000
0.035136 0.026352
0.003075 0.000000
0.048815 0.036611
0.000000 0.000000
VNR

a
1.000000 0.000000
0.996621 -0.002860
0.983103 -0.014300
0.979973 -0.014245
0.982783 -0.018565
0.982158 -0.020309
b
-0.500000 -0.866025
-0.500851 -0.864412
-0.504255 -0.857957
-0.505485 -0.854568
-0.503255 -0.860586
-0.503537 -0.861446
c
-0.500000 0.866025
-0.496618 0.863537
-0.483089 0.853584
-0.484007 0.854468
-0.476270 0.848588
-0.476554 0.847862


INR

a
0.539798 -0.392159
0.539798 -0.392159
0.100040 -0.082282
0.119731 -0.082935
0.060642 -0.000969
b
-0.425284 -0.168647
-0.425284 -0.168647
-0.137572 -0.035310
-0.010115 -0.017297
0.000000 0.000000
c
0.074075 0.612187
0.074075 0.612187
-0.004983 0.008797
0.040163 0.302352
0.000000 0.000000


STXNR

a
0.539798 0.392159
0.539095 0.389290
0.099527 0.079461
0.118894 0.079822
0.059616 -0.000174
b
0.358695 0.283983
0.358784 0.283154
0.099666 0.100225
0.019940 -0.000044
0.000000 0.000000
c
0.493132 0.370244
0.491859 0.367989
0.009916 -0.000004
0.238681 0.180345
0.000000 0.000000


SRXNR

a
0.539095 0.389290
0.536285 0.377814
0.099209 0.079209
0.119209 0.079284
0.059580 -0.000280
b
0.358784 0.283154
0.359143 0.279834
0.099716 0.099716
0.019975 0.000000
0.000000 0.000000
c
0.491859 0.367989
0.486768 0.358970
0.009929 0.000000
0.237444 0.178083
0.000000 0.000000


iNR

a
0.000000 0.000000
0.000000 0.000000
0.205488 -0.145719
0.030936 -0.011139
0.006864 -0.009521
0.011503 0.033279
b
0.000000 0.000000
0.000000 0.000000
-0.101924 -0.042606
-0.034533 -0.008863
-0.002065 -0.003531
0.000000 0.000000
c
0.000000 0.000000
0.000000 0.000000
0.005536 0.042847
-0.001496 0.002642
0.008256 0.062151
0.000000 0.000000


sNR

a
0.000000 0.000000
0.000000 0.000000
0.204099 0.140318
0.030475 0.010475
0.006922 0.009230
0.010622 -0.032919
b
0.000000 0.000000
0.000000 0.000000
0.087949 0.065962
0.025030 0.025030
0.004078 0.000000
0.000000 0.000000
c
0.000000 0.000000
0.000000 0.000000
0.033899 0.025424
0.002981 0.000000
0.048808 0.036606
0.000000 0.000000
VNR

a
1.000000 0.000000
0.996621 -0.002860
0.983103 -0.014300
0.979973 -0.014245
0.982783 -0.018565
0.982158 -0.020309
b
-0.500000 -0.866025
-0.500851 -0.864412
-0.504255 -0.857957
-0.505485 -0.854568
-0.503255 -0.860586
-0.503537 -0.861446
c
-0.500000 0.866025
-0.496618 0.863537
-0.483089 0.853584
-0.484007 0.854468
-0.476270 0.848588
-0.476554 0.847862


INR

a
0.539798 -0.392159
0.539798 -0.392159
0.100040 -0.082282
0.119731 -0.082935
0.060642 -0.000969
b
-0.425284 -0.168647
-0.425284 -0.168647
-0.137572 -0.035310
-0.010115 -0.017297
0.000000 0.000000
c
0.074075 0.612187
0.074075 0.612187
-0.004983 0.008797
0.040163 0.302352
0.000000 0.000000


STXNR

a
0.539798 0.392159
0.539095 0.389290
0.099527 0.079461
0.118894 0.079822
0.059616 -0.000174
b
0.358695 0.283983
0.358784 0.283154
0.099666 0.100225
0.019940 -0.000044
0.000000 0.000000
c
0.493132 0.370244
0.491859 0.367989
0.009916 -0.000004
0.238681 0.180345
0.000000 0.000000


SRXNR

a
0.539095 0.389290
0.536285 0.377814
0.099209 0.079209
0.119209 0.079284
0.059580 -0.000280
b
0.358784 0.283154
0.359143 0.279834
0.099716 0.099716
0.019975 0.000000
0.000000 0.000000
c
0.491859 0.367989
0.486768 0.358970
0.009929 0.000000
0.237444 0.178083
0.000000 0.000000


iNR

a
0.000000 0.000000
0.000000 0.000000
0.204056 -0.144703
0.028140 -0.008261
0.007041 -0.009767
0.012779 0.032389
b
0.000000 0.000000
0.000000 0.000000
-0.114780 -0.047980
-0.033832 -0.008684
-0.002066 -0.003533
0.000000 0.000000
c
0.000000 0.000000
0.000000 0.000000
0.005346 0.041373
-0.001475 0.002604
0.008175 0.061546
0.000000 0.000000


sNR

a
0.000000 0.000000
0.000000 0.000000
0.202677 0.139340
0.027694 0.007694
0.007101 0.009469
0.011893 -0.032071
b
0.000000 0.000000
0.000000 0.000000
0.099043 0.074282
0.024522 0.024522
0.004081 0.000000
0.000000 0.000000
c
0.000000 0.000000
0.000000 0.000000
0.032733 0.024550
0.002938 0.000000
0.048333 0.036250
0.000000 0.000000
VNR

a
1.000000 0.000000
0.996621 -0.002860
0.983103 -0.014300
0.979973 -0.014245
0.982783 -0.018565
0.982158 -0.020309
b
-0.500000 -0.866025
-0.500851 -0.864412
-0.504255 -0.857957
-0.505485 -0.854568
-0.503255 -0.860586
-0.503537 -0.861446
c
-0.500000 0.866025
-0.496618 0.863537
-0.483089 0.853584
-0.484007 0.854468
-0.476270 0.848588
-0.476554 0.847862


INR

a
0.539798 -0.392159
0.539798 -0.392159
0.100040 -0.082282
0.119731 -0.082935
0.060642 -0.000969
b
-0.425284 -0.168647
-0.425284 -0.168647
-0.137572 -0.035310
-0.010115 -0.017297
0.000000 0.000000
c
0.074075 0.612187
0.074075 0.612187
-0.004983 0.008797
0.040163 0.302352
0.000000 0.000000


STXNR

a
0.539798 0.392159
0.539095 0.389290
0.099527 0.079461
0.118894 0.079822
0.059616 -0.000174
b
0.358695 0.283983
0.358784 0.283154
0.099666 0.100225
0.019940 -0.000044
0.000000 0.000000
c
0.493132 0.370244
0.491859 0.367989
0.009916 -0.000004
0.238681 0.180345
0.000000 0.000000


SRXNR

a
0.539095 0.389290
0.536285 0.377814
0.099209 0.079209
0.119209 0.079284
0.059580 -0.000280
b
0.358784 0.283154
0.359143 0.279834
0.099716 0.099716
0.019975 0.000000
0.000000 0.000000
c
0.491859 0.367989
0.486768 0.358970
0.009929 0.000000
0.237444 0.178083
0.000000 0.000000


iNR

a
0.000000 0.000000
0.000000 0.000000
0.170560 -0.120950
0.026248 -0.006313
0.006946 -0.009635
0.011369 0.033372
b
0.000000 0.000000
0.000000 0.000000
-0.114808 -0.047991
-0.030409 -0.007805
-0.002066 -0.003533
0.000000 0.000000
c
0.000000 0.000000
0.000000 0.000000
0.005348 0.041393
-0.001477 0.002608
0.008073 0.060773
0.000000 0.000000


sNR

a
0.000000 0.000000
0.000000 0.000000
0.169408 0.116468
0.025812 0.005812
0.007005 0.009340
0.010489 -0.033008
b
0.000000 0.000000
0.000000 0.000000
0.099067 0.074300
0.022042 0.022042
0.004081 0.000000
0.000000 0.000000
c
0.000000 0.000000
0.000000 0.000000
0.032749 0.024562
0.002943 0.000000
0.047726 0.035795
0.000000 0.000000
VNR

a
1.000000 0.000000
0.996621 -0.002860
0.983103 -0.014300
0.979973 -0.014245
0.982783 -0.018565
0.982158 -0.020309
b
-0.500000 -0.866025
-0.500851 -0.864412
-0.504255 -0.857957
-0.505485 -0.854568
-0.503255 -0.860586
-0.503537 -0.861446
c
-0.500000 0.866025
-0.496618 0.863537
-0.483089 0.853584
-0.484007 0.854468
-0.476270 0.848588
-0.476554 0.847862


INR

a
0.539798 -0.392159
0.539798 -0.392159
0.100040 -0.082282
0.119731 -0.082935
0.060642 -0.000969
b
-0.425284 -0.168647
-0.425284 -0.168647
-0.137572 -0.035310
-0.010115 -0.017297
0.000000 0.000000
c
0.074075 0.612187
0.074075 0.612187
-0.004983 0.008797
0.040163 0.302352
0.000000 0.000000


STXNR

a
0.539798 0.392159
0.539095 0.389290
0.099527 0.079461
0.118894 0.079822
0.059616 -0.000174
b
0.358695 0.283983
0.358784 0.283154
0.099666 0.100225
0.019940 -0.000044
0.000000 0.000000
c
0.493132 0.370244
0.491859 0.367989
0.009916 -0.000004
0.238681 0.180345
0.000000 0.000000


SRXNR

a
0.539095 0.389290
0.536285 0.377814
0.099209 0.079209
0.119209 0.079284
0.059580 -0.000280
b
0.358784 0.283154
0.359143 0.279834
0.099716 0.099716
0.019975 0.000000
0.000000 0.000000
c
0.491859 0.367989
0.486768 0.358970
0.009929 0.000000
0.237444 0.178083
0.000000 0.000000


iNR

a
0.000000 0.000000
0.000000 0.000000
0.149207 -0.105808
0.025865 -0.005918
0.005113 -0.007093
0.010842 0.033740
b
0.000000 0.000000
0.000000 0.000000
-0.114780 -0.047980
-0.029024 -0.007449
-0.002033 -0.003477
0.000000 0.000000
c
0.000000 0.000000
0.000000 0.000000
0.005346 0.041380
-0.001484 0.002620
0.007998 0.060210
0.000000 0.000000


sNR

a
0.000000 0.000000
0.000000 0.000000
0.148198 0.101886
0.025431 0.005431
0.005157 0.006876
0.009963 -0.033358
b
0.000000 0.000000
0.000000 0.000000
0.099043 0.074282
0.021037 0.021037
0.004016 0.000000
0.000000 0.000000
c
0.000000 0.000000
0.000000 0.000000
0.032738 0.024554
0.002957 0.000000
0.047284 0.035463
0.000000 0.000000
VNR

a
1.000000 0.000000
0.996621 -0.002860
0.983103 -0.014300
0.979973 -0.014245
0.982783 -0.018565
0.982158 -0.020309
b
-0.500000 -0.866025
-0.500851 -0.864412
-0.504255 -0.857957
-0.505485 -0.854568
-0.503255 -0.860586
-0.503537 -0.861446
c
-0.500000 0.866025
-0.496618 0.863537
-0.483089 0.853584
-0.484007 0.854468
-0.476270 0.848588
-0.476554 0.847862


INR

a
0.539798 -0.392159
0.539798 -0.392159
0.100040 -0.082282
0.119731 -0.082935
0.060642 -0.000969
b
-0.425284 -0.168647
-0.425284 -0.168647
-0.137572 -0.035310
-0.010115 -0.017297
0.000000 0.000000
c
0.074075 0.612187
0.074075 0.612187
-0.004983 0.008797
0.040163 0.302352
0.000000 0.000000


STXNR

a
0.539798 0.392159
0.539095 0.389290
0.099527 0.079461
0.118894 0.079822
0.059616 -0.000174
b
0.358695 0.283983
0.358784 0.283154
0.099666 0.100225
0.019940 -0.000044
0.000000 0.000000
c
0.493132 0.370244
0.491859 0.367989
0.009916 -0.000004
0.238681 0.180345
0.000000 0.000000


SRXNR

a
0.539095 0.389290
0.536285 0.377814
0.099209 0.079209
0.119209 0.079284
0.059580 -0.000280
b
0.358784 0.283154
0.359143 0.279834
0.099716 0.099716
0.019975 0.000000
0.000000 0.000000
c
0.491859 0.367989
0.486768 0.358970
0.009929 0.000000
0.237444 0.178083
0.000000 0.000000


iNR

a
0.000000 0.000000
0.000000 0.000000
0.137165 -0.097269
0.026232 -0.006296
0.004727 -0.006558
0.010146 0.034225
b
0.000000 0.000000
0.000000 0.000000
-0.107743 -0.045038
-0.028304 -0.007265
-0.001603 -0.002740
0.000000 0.000000
c
0.000000 0.000000
0.000000 0.000000
0.005827 0.045099
-0.001439 0.002541
0.008069 0.060748
0.000000 0.000000


sNR

a
0.000000 0.000000
0.000000 0.000000
0.136238 0.093664
0.025796 0.005796
0.004768 0.006357
0.009270 -0.033820
b
0.000000 0.000000
0.000000 0.000000
0.092971 0.069728
0.020515 0.020515
0.003165 0.000000
0.000000 0.000000
c
0.000000 0.000000
0.000000 0.000000
0.035681 0.026761
0.002868 0.000000
0.047707 0.035780
0.000000 0.000000
VNR

a
1.000000 0.000000
0.996621 -0.002860
0.983103 -0.014300
0.979973 -0.014245
0.982783 -0.018565
0.982158 -0.020309
b
-0.500000 -0.866025
-0.500851 -0.864412
-0.504255 -0.857957
-0.505485 -0.854568
-0.503255 -0.860586
-0.503537 -0.861446
c
-0.500000 0.866025
-0.496618 0.863537
-0.483089 0.853584
-0.484007 0.854468
-0.476270 0.848588
-0.476554 0.847862


INR

a
0.539798 -0.392159
0.539798 -0.392159
0.100040 -0.082282
0.119731 -0.082935
0.060642 -0.000969
b
-0.425284 -0.168647
-0.425284 -0.168647
-0.137572 -0.035310
-0.010115 -0.017297
0.000000 0.000000
c
0.074075 0.612187
0.074075 0.612187
-0.004983 0.008797
0.040163 0.302352
0.000000 0.000000


STXNR

a
0.539798 0.392159
0.539095 0.389290
0.099527 0.079461
0.118894 0.079822
0.059616 -0.000174
b
0.358695 0.283983
0.358784 0.283154
0.099666 0.100225
0.019940 -0.000044
0.000000 0.000000
c
0.493132 0.370244
0.491859 0.367989
0.009916 -0.000004
0.238681 0.180345
0.000000 0.000000


SRXNR

a
0.539095 0.389290
0.536285 0.377814
0.099209 0.079209
0.119209 0.079284
0.059580 -0.000280
b
0.358784 0.283154
0.359143 0.279834
0.099716 0.099716
0.019975 0.000000
0.000000 0.000000
c
0.491859 0.367989
0.486768 0.358970
0.009929 0.000000
0.237444 0.178083
0.000000 0.000000


iNR

a
0.000000 0.000000
0.000000 0.000000
0.098477 -0.069834
0.025626 -0.005672
0.004418 -0.006128
0.007097 0.036350
b
0.000000 0.000000
0.000000 0.000000
-0.106104 -0.044353
-0.027029 -0.006937
-0.001245 -0.002129
0.000000 0.000000
c
0.000000 0.000000
0.000000 0.000000
0.009599 0.074293
-0.001210 0.002135
0.012110 0.091168
0.000000 0.000000


sNR

a
0.000000 0.000000
0.000000 0.000000
0.097812 0.067246
0.025194 0.005194
0.004456 0.005941
0.006232 -0.035845
b
0.000000 0.000000
0.000000 0.000000
0.091556 0.068667
0.019591 0.019591
0.002458 0.000000
0.000000 0.000000
c
0.000000 0.000000
0.000000 0.000000
0.058778 0.044084
0.002410 0.000000
0.071596 0.053697
0.000000 0.000000
VNR

a
1.000000 0.000000
0.996621 -0.002860
0.983103 -0.014300
0.979973 -0.014245
0.982783 -0.018565
0.982158 -0.020309
b
-0.500000 -0.866025
-0.500851 -0.864412
-0.504255 -0.857957
-0.505485 -0.854568
-0.503255 -0.860586
-0.503537 -0.861446
c
-0.500000 0.866025
-0.496618 0.863537
-0.483089 0.853584
-0.484007 0.854468
-0.476270 0.848588
-0.476554 0.847862


INR

a
0.539798 -0.392159
0.539798 -0.392159
0.100040 -0.082282
0.119731 -0.082935
0.060642 -0.000969
b
-0.425284 -0.168647
-0.425284 -0.168647
-0.137572 -0.035310
-0.010115 -0.017297
0.000000 0.000000
c
0.074075 0.612187
0.074075 0.612187
-0.004983 0.008797
0.040163 0.302352
0.000000 0.000000


STXNR

a
0.539798 0.392159
0.539095 0.389290
0.099527 0.079461
0.118894 0.079822
0.059616 -0.000174
b
0.358695 0.283983
0.358784 0.283154
0.099666 0.100225
0.019940 -0.000044
0.000000 0.000000
c
0.493132 0.370244
0.491859 0.367989
0.009916 -0.000004
0.238681 0.180345
0.000000 0.000000


SRXNR

a
0.539095 0.389290
0.536285 0.377814
0.099209 0.079209
0.119209 0.079284
0.059580 -0.000280
b
0.358784 0.283154
0.359143 0.279834
0.099716 0.099716
0.019975 0.000000
0.000000 0.000000
c
0.491859 0.367989
0.486768 0.358970
0.009929 0.000000
0.237444 0.178083
0.000000 0.000000


iNR

a
0.000000 0.000000
0.000000 0.000000
0.078279 -0.055511
0.015338 0.004919
0.004167 -0.005780
0.007139 0.036321
b
0.000000 0.000000
0.000000 0.000000
-0.103901 -0.043432
-0.041975 -0.010774
-0.001019 -0.001743
0.000000 0.000000
c
0.000000 0.000000
0.000000 0.000000
0.010165 0.078674
-0.001180 0.002084
0.012134 0.091344
0.000000 0.000000


sNR

a
0.000000 0.000000
0.000000 0.000000
0.077751 0.053454
0.014961 -0.005039
0.004203 0.005603
0.006274 -0.035817
b
0.000000 0.000000
0.000000 0.000000
0.089656 0.067242
0.030425 0.030425
0.002012 0.000000
0.000000 0.000000
c
0.000000 0.000000
0.000000 0.000000
0.062244 0.046683
0.002352 0.000000
0.071735 0.053801
0.000000 0.000000
