VNR

a
1.000000 0.000000
0.988555 -0.012042
0.980983 -0.020101
0.973238 -0.028069
b
-0.500000 -0.866025
-0.508691 -0.838562
-0.514648 -0.820420
-0.520118 -0.801776
c
-0.500000 0.866025
-0.485180 0.864914
-0.475329 0.864216
-0.465392 0.863388


INR

a
1.511632 -0.420047
0.503072 -0.136777
1.008561 -0.283270
b
-1.685100 -1.202673
-0.554573 -0.404381
-1.130527 -0.798291
c
-0.209184 1.180023
-0.071790 0.392061
-0.137395 0.787962


STXNR

a
1.511632 0.420047
0.498961 0.129153
1.000429 0.267883
b
1.884095 0.858003
0.621205 0.259338
1.244506 0.541933
c
1.126522 0.408852
0.373930 0.128129
0.748180 0.263469


SRXNR

a
1.499391 0.397036
0.496254 0.124064
0.989521 0.247380
b
1.865711 0.801271
0.617172 0.246869
1.228059 0.491223
c
1.122110 0.391597
0.372949 0.124316
0.744259 0.248086


iNR

a
0.000000 0.000000
0.000000 0.000000
0.402466 -0.109424
0.806882 -0.226625
b
0.000000 0.000000
0.000000 0.000000
-0.443688 -0.323526
-0.904540 -0.638717
c
0.000000 0.000000
0.000000 0.000000
-0.057433 0.313655
-0.109920 0.630396


sNR

a
0.000000 0.000000
0.000000 0.000000
0.397011 0.099253
0.791649 0.197912
b
0.000000 0.000000
0.000000 0.000000
0.493770 0.197508
0.982575 0.393030
c
0.000000 0.000000
0.000000 0.000000
0.298366 0.099455
0.595432 0.198477
