VNR

a
1.000000 0.000000
0.977469 -0.023928
0.962729 -0.039952
0.947149 -0.055762
b
0.000000 0.000000
0.000000 0.000000
0.000000 0.000000
0.000000 0.000000
c
0.000000 0.000000
0.000000 0.000000
0.000000 0.000000
0.000000 0.000000


INR

a
1.886314 -0.873271
0.628106 -0.281989
1.258208 -0.591282
b
0.000000 0.000000
0.000000 0.000000
0.000000 0.000000
c
0.000000 0.000000
0.000000 0.000000
0.000000 0.000000


STXNR

a
1.886314 0.873271
0.620702 0.260606
1.244008 0.547854
b
0.000000 0.000000
0.000000 0.000000
0.000000 0.000000
c
0.000000 0.000000
0.000000 0.000000
0.000000 0.000000


SRXNR

a
1.864711 0.808459
0.615962 0.246385
1.224681 0.489872
b
0.000000 0.000000
0.000000 0.000000
0.000000 0.000000
c
0.000000 0.000000
0.000000 0.000000
0.000000 0.000000


iNR

a
0.000000 0.000000
0.000000 0.000000
0.502527 -0.225610
1.006735 -0.473105
b
0.000000 0.000000
0.000000 0.000000
0.000000 0.000000
0.000000 0.000000
c
0.000000 0.000000
0.000000 0.000000
0.000000 0.000000
0.000000 0.000000


sNR

a
0.000000 0.000000
0.000000 0.000000
0.492811 0.197124
0.979909 0.391964
b
0.000000 0.000000
0.000000 0.000000
0.000000 0.000000
0.000000 0.000000
c
0.000000 0.000000
0.000000 0.000000
0.000000 0.000000
0.000000 0.000000
