VNR

a
1.000000 0.000000
1.000000 -0.000000
0.996527 -0.006345
0.981675 -0.023906
0.980405 -0.024366
0.980324 -0.024418
0.000000 0.000000
0.000000 0.000000
0.971132 -0.046221
0.971088 -0.046601
0.968262 -0.048153
0.970779 -0.046527
0.970282 -0.046394
0.967904 -0.045725
0.000000 0.000000
0.996527 -0.006345
0.981675 -0.023906
0.980405 -0.024366
0.980324 -0.024418
0.000000 0.000000
0.000000 0.000000
0.971132 -0.046221
0.971088 -0.046601
0.968262 -0.048153
0.970779 -0.046527
0.970282 -0.046394
0.967904 -0.045725
0.000000 0.000000
b
-0.500000 -0.866025
-0.500000 -0.866025
-0.502851 -0.860608
-0.510037 -0.846425
-0.509918 -0.845538
-0.509945 -0.845489
-0.508061 -0.840521
-0.507498 -0.838513
-0.514045 -0.848562
-0.514068 -0.848780
-0.515462 -0.848924
-0.514272 -0.848171
0.000000 0.000000
0.000000 0.000000
0.000000 0.000000
-0.502851 -0.860608
-0.510037 -0.846425
-0.509918 -0.845538
-0.509945 -0.845489
-0.508061 -0.840521
-0.507498 -0.838513
-0.514045 -0.848562
-0.514068 -0.848780
-0.515462 -0.848924
-0.514272 -0.848171
0.000000 0.000000
0.000000 0.000000
0.000000 0.000000
c
-0.500000 0.866025
-0.500000 0.866025
-0.492710 0.865703
-0.468129 0.856799
-0.467559 0.855858
-0.467508 0.855816
-0.468183 0.858455
-0.468229 0.859007
-0.445164 0.844115
-0.444893 0.843883
-0.444588 0.842985
-0.444677 0.843996
-0.444143 0.843573
0.000000 0.000000
-0.442838 0.843190
-0.492710 0.865703
-0.468129 0.856799
-0.467559 0.855858
-0.467508 0.855816
-0.468183 0.858455
-0.468229 0.859007
-0.445164 0.844115
-0.444893 0.843883
-0.444588 0.842985
-0.444677 0.843996
-0.444143 0.843573
0.000000 0.000000
-0.442838 0.843190


INR

a
0.603621 -0.263343
0.301811 -0.131672
0.301811 -0.131672
0.039764 -0.028822
0.039764 -0.028822
-0.000000 0.000000
0.000000 0.000000
0.262047 -0.102850
0.122976 -0.013239
0.122976 -0.013239
0.012453 -0.005687
0.031530 -0.023417
0.031530 -0.023417
-0.000000 0.000000
0.301811 -0.131672
0.301811 -0.131672
0.039764 -0.028822
0.039764 -0.028822
0.000000 0.000000
0.000000 0.000000
0.262047 -0.102850
0.122976 -0.013239
0.122976 -0.013239
0.012453 -0.005687
0.031530 -0.023417
0.031530 -0.023417
0.000000 0.000000
b
-0.476932 -0.313965
-0.238466 -0.156982
-0.238466 -0.156982
-0.035025 -0.014176
-0.035025 -0.014176
-0.107962 -0.052918
-0.058705 -0.032493
-0.095479 -0.089889
0.012694 -0.027676
0.012694 -0.027676
-0.010808 -0.008135
0.000000 0.000000
0.000000 0.000000
0.000000 0.000000
-0.238466 -0.156982
-0.238466 -0.156982
-0.035025 -0.014176
-0.035025 -0.014176
-0.107962 -0.052918
-0.058705 -0.032493
-0.095479 -0.089889
0.012694 -0.027676
0.012694 -0.027676
-0.010808 -0.008135
0.000000 0.000000
0.000000 0.000000
0.000000 0.000000
c
-0.045138 0.665205
-0.022569 0.332603
-0.022569 0.332603
0.005445 0.037677
0.005445 0.037677
-0.000000 0.000000
-0.000000 0.000000
-0.028014 0.294926
-0.009721 0.128656
-0.023683 0.071874
-0.001443 0.013773
-0.020707 0.038554
-0.000000 0.000000
-0.020707 0.038554
-0.022569 0.332603
-0.022569 0.332603
0.005445 0.037677
0.005445 0.037677
-0.000000 0.000000
-0.000000 0.000000
-0.028014 0.294926
-0.009721 0.128656
-0.023683 0.071874
-0.001443 0.013773
-0.020707 0.038554
-0.000000 0.000000
-0.020707 0.038554


STXNR

a
0.603621 0.263343
0.301811 0.131671
0.301598 0.129299
0.039724 0.027343
0.039687 0.027288
0.000000 0.000000
0.000000 0.000000
0.259703 0.094701
0.120038 0.007173
0.120038 0.007125
0.012357 0.004947
0.031703 0.021284
0.031680 0.021259
0.000000 0.000000
0.301811 0.131671
0.301598 0.129299
0.039724 0.027343
0.039687 0.027288
-0.000000 0.000000
0.000000 0.000000
0.259703 0.094701
0.120038 0.007173
0.120038 0.007125
0.012357 0.004947
0.031703 0.021284
0.031680 0.021259
-0.000000 0.000000
b
0.510367 0.256053
0.255184 0.128026
0.255013 0.126287
0.029863 0.022416
0.029846 0.022387
0.099855 0.064392
0.057136 0.032835
0.124782 0.034969
0.016960 -0.024999
0.016966 -0.025002
0.012459 0.004989
-0.000000 0.000000
0.000000 0.000000
0.000000 0.000000
0.255184 0.128026
0.255013 0.126287
0.029863 0.022416
0.029846 0.022387
0.099855 0.064392
0.057136 0.032835
0.124782 0.034969
0.016960 -0.024999
0.016966 -0.025002
0.012459 0.004989
-0.000000 0.000000
0.000000 0.000000
0.000000 0.000000
c
0.598654 0.293512
0.299327 0.146756
0.299055 0.144339
0.029733 0.022303
0.029700 0.022276
-0.000000 0.000000
-0.000000 0.000000
0.265806 0.114061
0.112928 0.049067
0.071190 0.011990
0.012269 0.004913
0.041762 -0.000316
-0.000000 0.000000
0.041720 -0.000344
0.299327 0.146756
0.299055 0.144339
0.029733 0.022303
0.029700 0.022276
-0.000000 0.000000
-0.000000 0.000000
0.265806 0.114061
0.112928 0.049067
0.071190 0.011990
0.012269 0.004913
0.041762 -0.000316
-0.000000 0.000000
0.041720 -0.000344


SRXNR

a
0.603621 0.263343
0.301598 0.129299
0.299427 0.122044
0.039687 0.027288
0.039685 0.027284
0.000000 0.000000
0.000000 0.000000
0.259236 0.087769
0.120038 0.007125
0.119711 0.006897
0.012354 0.004942
0.031680 0.021259
0.031589 0.021224
0.000000 0.000000
0.301598 0.129299
0.299427 0.122044
0.039687 0.027288
0.039685 0.027284
0.000000 0.000000
0.000000 0.000000
0.259236 0.087769
0.120038 0.007125
0.119711 0.006897
0.012354 0.004942
0.031680 0.021259
0.031589 0.021224
0.000000 0.000000
b
0.510367 0.256052
0.255013 0.126287
0.254500 0.121777
0.029846 0.022387
0.029846 0.022385
0.099330 0.063859
0.057038 0.032735
0.125357 0.034813
0.016966 -0.025002
0.016952 -0.025042
0.012458 0.004983
0.000000 0.000000
0.000000 0.000000
0.000000 0.000000
0.255013 0.126287
0.254500 0.121777
0.029846 0.022387
0.029846 0.022385
0.099330 0.063859
0.057038 0.032735
0.125357 0.034813
0.016966 -0.025002
0.016952 -0.025042
0.012458 0.004983
0.000000 0.000000
0.000000 0.000000
0.000000 0.000000
c
0.598654 0.293512
0.299055 0.144339
0.295539 0.136364
0.029700 0.022276
0.029699 0.022274
-0.000000 0.000000
-0.000000 0.000000
0.261422 0.107643
0.112895 0.049035
0.071118 0.011990
0.012266 0.004907
0.041720 -0.000344
0.000000 0.000000
0.041678 -0.000387
0.299055 0.144339
0.295539 0.136364
0.029700 0.022276
0.029699 0.022274
-0.000000 0.000000
-0.000000 0.000000
0.261422 0.107643
0.112895 0.049035
0.071118 0.011990
0.012266 0.004907
0.041720 -0.000344
0.000000 0.000000
0.041678 -0.000387


iNR

a
0.000000 0.000000
0.000000 0.000000
0.000000 0.000000
0.000000 0.000000
0.000000 0.000000
0.039771 -0.028827
0.000000 0.000000
0.000000 0.000000
0.095140 -0.060541
0.000000 0.000000
0.123052 -0.013273
0.012460 -0.005690
0.000000 0.000000
0.031549 -0.023431
0.000000 0.000000
0.000000 0.000000
0.000000 0.000000
0.000000 0.000000
0.039771 -0.028827
0.000000 0.000000
0.000000 0.000000
0.095140 -0.060541
0.000000 0.000000
0.123052 -0.013273
0.012460 -0.005690
0.000000 0.000000
0.031549 -0.023431
0.000000 0.000000
b
0.000000 0.000000
0.000000 0.000000
0.000000 0.000000
0.000000 0.000000
0.000000 0.000000
-0.035029 -0.014177
-0.049263 -0.020428
-0.058713 -0.032497
-0.097374 -0.054083
0.000000 0.000000
0.012692 -0.027677
-0.010809 -0.008136
0.000000 0.000000
0.000000 0.000000
0.000000 0.000000
0.000000 0.000000
0.000000 0.000000
0.000000 0.000000
-0.035029 -0.014177
-0.049263 -0.020428
-0.058713 -0.032497
-0.097374 -0.054083
0.000000 0.000000
0.012692 -0.027677
-0.010809 -0.008136
0.000000 0.000000
0.000000 0.000000
0.000000 0.000000
c
0.000000 0.000000
0.000000 0.000000
0.000000 0.000000
0.000000 0.000000
0.000000 0.000000
0.005446 0.037685
0.000000 0.000000
0.000000 0.000000
0.003860 0.114012
0.013971 0.056817
-0.023675 0.071931
-0.001444 0.013782
0.000000 0.000000
0.000000 0.000000
-0.020708 0.038585
0.000000 0.000000
0.000000 0.000000
0.000000 0.000000
0.005446 0.037685
0.000000 0.000000
0.000000 0.000000
0.003860 0.114012
0.013971 0.056817
-0.023675 0.071931
-0.001444 0.013782
0.000000 0.000000
0.000000 0.000000
-0.020708 0.038585


sNR

a
0.000000 0.000000
0.000000 0.000000
0.000000 0.000000
0.000000 0.000000
0.000000 0.000000
0.039692 0.027288
0.000000 0.000000
0.000000 0.000000
0.095192 0.054395
0.000000 0.000000
0.119786 0.006926
0.012361 0.004944
0.000000 0.000000
0.031608 0.021236
0.000000 0.000000
0.000000 0.000000
0.000000 0.000000
0.000000 0.000000
0.039692 0.027288
0.000000 0.000000
0.000000 0.000000
0.095192 0.054395
0.000000 0.000000
0.119786 0.006926
0.012361 0.004944
0.000000 0.000000
0.031608 0.021236
0.000000 0.000000
b
0.000000 0.000000
0.000000 0.000000
0.000000 0.000000
0.000000 0.000000
0.000000 0.000000
0.029849 0.022387
0.042198 0.031028
0.057046 0.032740
0.095947 0.054827
0.000000 0.000000
0.016954 -0.025041
0.012460 0.004984
0.000000 0.000000
0.000000 0.000000
0.000000 0.000000
0.000000 0.000000
0.000000 0.000000
0.000000 0.000000
0.029849 0.022387
0.042198 0.031028
0.057046 0.032740
0.095947 0.054827
0.000000 0.000000
0.016954 -0.025041
0.012460 0.004984
0.000000 0.000000
0.000000 0.000000
0.000000 0.000000
c
0.000000 0.000000
0.000000 0.000000
0.000000 0.000000
0.000000 0.000000
0.000000 0.000000
0.029705 0.022279
0.000000 0.000000
0.000000 0.000000
0.094521 0.054012
0.041731 0.037067
0.071162 0.012022
0.012274 0.004910
0.000000 0.000000
0.000000 0.000000
0.041705 -0.000374
0.000000 0.000000
0.000000 0.000000
0.000000 0.000000
0.029705 0.022279
0.000000 0.000000
0.000000 0.000000
0.094521 0.054012
0.041731 0.037067
0.071162 0.012022
0.012274 0.004910
0.000000 0.000000
0.000000 0.000000
0.041705 -0.000374
