VNR

a
1.000000 0.000000
0.983344 -0.027354
0.972544 -0.045612
0.960831 -0.063806
b
-0.500000 -0.866025
-0.498597 -0.872230
-0.497628 -0.876335
-0.496760 -0.880532
c
-0.500000 0.866025
-0.472662 0.855456
-0.454561 0.848625
-0.436088 0.841148


INR

a
2.441545 -0.768264
0.811156 -0.243689
1.630389 -0.524575
b
-0.000000 0.000000
0.000000 0.000000
-0.000000 0.000000
c
-0.319287 1.966203
-0.111149 0.647490
-0.208138 1.318714


STXNR

a
2.441545 0.768264
0.804311 0.217441
1.617583 0.471239
b
0.000000 0.000000
-0.000000 -0.000000
0.000000 0.000000
c
1.862426 0.706591
0.606435 0.210961
1.226481 0.445253


SRXNR

a
2.421894 0.688681
0.800000 0.200000
1.600000 0.400000
b
0.000000 0.000000
-0.000000 -0.000000
0.000000 0.000000
c
1.832915 0.656214
0.600000 0.200000
1.200000 0.400000


iNR

a
0.000000 -0.000000
0.000000 -0.000000
0.811156 -0.243689
1.630389 -0.524575
b
-0.000000 0.000000
-0.000000 0.000000
-0.000000 -0.000000
-0.000000 -0.000000
c
0.000000 0.000000
0.000000 0.000000
-0.111149 0.647490
-0.208138 1.318714


sNR

a
0.000000 0.000000
0.000000 0.000000
0.800000 0.200000
1.600000 0.400000
b
0.000000 0.000000
0.000000 0.000000
0.000000 0.000000
0.000000 0.000000
c
0.000000 0.000000
0.000000 0.000000
0.600000 0.200000
1.200000 0.400000
