VNR

a
1.000000 0.000000
0.999407 0.001711
0.998813 0.003421
0.997694 0.005997
0.998308 0.006004
0.996032 0.007719
0.000000 0.000000
b
-0.500000 -0.866025
-0.498940 -0.866838
-0.497880 -0.867650
-0.496527 -0.868909
0.000000 0.000000
-0.496624 -0.868964
-0.496422 -0.868480
c
-0.500000 0.866025
-0.501500 0.865316
-0.503000 0.864607
-0.505301 0.863672
-0.505315 0.862348
0.000000 0.000000
0.000000 0.000000


INR

a
0.401303 -0.097856
0.401303 -0.097856
0.301123 -0.073175
0.100283 -0.024431
0.100508 -0.024301
0.000000 0.000000
b
-0.306994 -0.284999
-0.306994 -0.284999
-0.235560 -0.210728
0.000000 0.000000
-0.164284 -0.136353
-0.093008 -0.061988
c
-0.086575 0.296832
-0.086575 0.296832
-0.057905 0.197846
-0.028999 0.098958
-0.000000 0.000000
0.000000 0.000000


STXNR

a
0.401303 0.097856
0.400897 0.098484
0.300515 0.074119
0.099905 0.024976
0.100130 0.024848
0.000000 0.000000
b
0.400313 0.123365
0.400219 0.123917
0.300118 0.099467
-0.000000 0.000000
0.200050 0.075045
0.100056 0.050036
c
0.300352 0.073440
0.300271 0.073946
0.200185 0.049451
0.100120 0.024958
-0.000000 0.000000
0.000000 0.000000


SRXNR

a
0.400897 0.098484
0.400492 0.099113
0.299990 0.074812
0.099967 0.024992
0.099921 0.024980
0.000000 0.000000
b
0.400219 0.123917
0.400125 0.124468
0.300065 0.100048
0.000000 0.000000
0.200073 0.075040
0.100007 0.050003
c
0.300271 0.073946
0.300190 0.074453
0.200133 0.049961
0.099990 0.024997
0.000000 0.000000
0.000000 0.000000


iNR

a
0.000000 0.000000
0.000000 0.000000
0.100180 -0.024681
0.100332 -0.024443
0.100283 -0.024431
0.100508 -0.024301
0.000000 0.000000
b
0.000000 0.000000
0.000000 0.000000
-0.071434 -0.074271
-0.071276 -0.074375
0.000000 0.000000
-0.071275 -0.074365
-0.093008 -0.061988
c
0.000000 0.000000
0.000000 0.000000
-0.028670 0.098986
-0.028906 0.098888
-0.028999 0.098958
0.000000 0.000000
0.000000 0.000000


sNR

a
0.000000 0.000000
0.000000 0.000000
0.099976 0.024994
0.099954 0.024989
0.099967 0.024992
0.099921 0.024980
0.000000 0.000000
b
0.000000 0.000000
0.000000 0.000000
0.100007 0.025002
0.100015 0.025004
0.000000 0.000000
0.100017 0.025004
0.100007 0.050003
c
0.000000 0.000000
0.000000 0.000000
0.100006 0.025001
0.100013 0.025003
0.099990 0.024997
0.000000 0.000000
0.000000 0.000000
