VNR

a
1.000000 0.000000
0.980985 -0.019256
0.964105 -0.036379
0.959836 -0.040644
b
-0.500000 -0.866025
-0.513169 -0.819599
-0.524923 -0.778403
-0.527753 -0.767940
c
-0.500000 0.866025
-0.475891 0.864065
-0.454473 0.862334
-0.449092 0.861876


INR

a
2.467141 -0.724870
1.095977 -0.321096
1.371165 -0.403774
0.275188 -0.082679
b
-2.871988 -1.927543
-1.273580 -0.857475
-1.598407 -1.070068
-0.324827 -0.212593
c
-0.311039 1.925397
-0.138837 0.855199
-0.172201 1.070199
-0.033364 0.215000


STXNR

a
2.467141 0.724870
1.081320 0.293886
1.352867 0.369694
0.268318 0.069700
b
3.105295 1.523443
1.356347 0.603795
1.697279 0.760927
0.335992 0.141251
c
1.822962 0.693331
0.805019 0.287017
1.006671 0.360505
0.200565 0.068941


SRXNR

a
2.434187 0.663580
1.068318 0.269700
1.332504 0.331827
0.267496 0.068173
b
3.053626 1.364722
1.335992 0.541251
1.665313 0.662749
0.334687 0.137251
c
1.811690 0.647522
0.800565 0.268941
0.999713 0.332201
0.200287 0.067799


iNR

a
0.000000 -0.000000
0.000000 -0.000000
0.820789 -0.238417
1.646353 -0.486453
b
-0.000000 0.000000
-0.000000 0.000000
-0.948754 -0.644881
-1.923234 -1.282661
c
0.000000 0.000000
0.000000 0.000000
-0.105473 0.640199
-0.205565 1.285199


sNR

a
0.000000 0.000000
0.000000 0.000000
0.800000 0.200000
1.600000 0.400000
b
0.000000 0.000000
0.000000 0.000000
1.000000 0.400000
2.000000 0.800000
c
0.000000 0.000000
0.000000 0.000000
0.600000 0.200000
1.200000 0.400000
