VNR

a
1.000000 0.000000
0.999966 -0.000090
0.999043 -0.000450
0.998416 -0.000701
0.986740 -0.005376
0.000000 0.000000
0.973189 -0.010968
0.962447 -0.015402
0.962442 -0.015404
0.962287 -0.015442
0.961883 -0.015440
0.952756 -0.015379
0.952756 -0.015379
0.959008 -0.016450
0.000000 0.000000
0.958739 -0.016543
0.952349 -0.018760
0.952191 -0.018817
0.000000 0.000000
0.940999 -0.022871
0.940996 -0.022872
0.940995 -0.022872
0.939992 -0.022979
0.940167 -0.023438
0.940167 -0.023438
0.939189 -0.024127
0.939154 -0.024161
0.938998 -0.024321
0.939061 -0.024594
0.939071 -0.024637
0.939085 -0.024110
0.939003 -0.024073
0.938996 -0.024071
0.939002 -0.024070
0.000000 0.000000
b
-0.500000 -0.866025
-0.500053 -0.865984
-0.500220 -0.865488
-0.500350 -0.865193
-0.502774 -0.859692
-0.502774 -0.859692
-0.505689 -0.853768
-0.508000 -0.849072
-0.508001 -0.849070
-0.508013 -0.849000
0.000000 0.000000
0.000000 0.000000
0.000000 0.000000
-0.508051 -0.846387
-0.508051 -0.846387
-0.508068 -0.846204
-0.508432 -0.841720
-0.508444 -0.841610
-0.508444 -0.841610
-0.509295 -0.833920
-0.509295 -0.833918
-0.509295 -0.833917
-0.509015 -0.833064
-0.509694 -0.833388
0.000000 0.000000
-0.510217 -0.832829
-0.510258 -0.832818
-0.510453 -0.832762
-0.510682 -0.832616
-0.510720 -0.832606
-0.510161 -0.832728
-0.510107 -0.832593
-0.510103 -0.832587
-0.510104 -0.832585
0.000000 0.000000
c
-0.500000 0.866025
-0.499942 0.866048
-0.499505 0.865728
-0.499241 0.865531
-0.494330 0.861849
0.000000 0.000000
-0.488597 0.857437
-0.484051 0.853940
-0.484049 0.853938
-0.483990 0.853877
0.000000 0.000000
0.000000 0.000000
0.000000 0.000000
-0.481684 0.852157
0.000000 0.000000
-0.481495 0.852010
-0.476872 0.848460
-0.476757 0.848373
0.000000 0.000000
-0.468574 0.842210
-0.468571 0.842209
-0.468571 0.842208
-0.467943 0.841431
-0.467796 0.841961
0.000000 0.000000
-0.466915 0.841712
-0.466897 0.841735
-0.466806 0.841846
-0.466597 0.842075
-0.466566 0.842106
-0.466880 0.841638
-0.466888 0.841640
-0.466885 0.841633
-0.466888 0.841642
-0.466888 0.841642


INR

a
0.301114 -0.076484
0.301114 -0.076484
0.301114 -0.076484
0.301114 -0.076484
0.000000 0.000000
0.301114 -0.076484
0.301114 -0.076484
0.301114 -0.076484
0.301114 -0.076484
0.086200 -0.046150
0.068935 -0.037168
0.000000 0.000000
0.214913 -0.030335
0.000000 0.000000
0.214913 -0.030335
0.211350 -0.028734
0.206250 -0.026057
0.000000 0.000000
0.206250 -0.026057
0.206250 -0.026057
0.076926 -0.040843
0.076926 -0.040843
0.125730 0.016430
0.000000 0.000000
0.123679 0.017520
0.086277 0.038753
0.081669 0.041471
0.011846 0.055265
0.011846 0.055265
0.029198 -0.016864
0.013814 -0.008672
0.004582 -0.003756
0.000000 0.000000
0.000000 0.000000
b
-0.121866 -0.180525
-0.121866 -0.180525
-0.107863 -0.171289
-0.107863 -0.171289
0.000000 0.000000
-0.100353 -0.166391
-0.100353 -0.166391
-0.100353 -0.166391
-0.100353 -0.166391
-0.000000 0.000000
0.000000 0.000000
0.000000 0.000000
-0.098198 -0.164749
-0.000000 0.000000
-0.079183 -0.152653
-0.079183 -0.152653
-0.074410 -0.149636
0.000000 0.000000
-0.072500 -0.148429
-0.072500 -0.148429
-0.072147 -0.045099
-0.072147 -0.045099
0.000608 -0.102729
-0.000000 0.000000
0.008038 -0.098356
0.052385 -0.072580
0.052385 -0.072580
0.029286 -0.043549
0.040140 -0.036522
-0.034723 -0.019776
-0.029478 -0.017040
-0.005413 -0.002038
-0.013476 -0.008401
0.000000 0.000000
c
-0.096478 0.188551
-0.096478 0.188551
-0.095477 0.171805
-0.095477 0.171805
0.000000 0.000000
-0.095477 0.171805
-0.095477 0.171805
-0.095477 0.171805
-0.095477 0.171805
0.000000 0.000000
0.000000 0.000000
0.000000 0.000000
-0.095477 0.171805
0.000000 0.000000
-0.095362 0.169543
-0.095362 0.169543
-0.095087 0.163867
0.000000 0.000000
-0.095087 0.163867
-0.095087 0.163867
-0.003765 0.085732
-0.003765 0.085732
-0.091171 0.074708
0.000000 0.000000
-0.091071 0.067155
-0.088695 -0.025754
-0.088695 -0.025754
-0.052314 -0.017284
-0.052314 -0.017284
0.000317 0.030026
0.000898 0.005766
0.000898 0.005766
0.000000 0.000000
0.000000 0.000000


STXNR

a
0.301114 0.076484
0.301110 0.076455
0.300860 0.076276
0.300690 0.076152
-0.000000 0.000000
0.297532 0.073851
0.293879 0.071131
0.290984 0.068974
0.290982 0.068973
0.083662 0.043078
0.066882 0.034687
-0.000000 0.000000
0.207277 0.025872
-0.000000 0.000000
0.206603 0.025556
0.203105 0.024052
0.196911 0.020946
-0.000000 0.000000
0.196880 0.020931
0.194677 0.019803
0.073321 0.036673
0.073321 0.036673
0.117936 -0.018336
-0.000000 0.000000
0.115869 -0.019371
0.080096 -0.038478
0.075698 -0.040921
0.009780 -0.052182
0.009765 -0.052188
0.027829 0.015134
0.013181 0.007810
0.004393 0.003417
-0.000000 0.000000
-0.000000 0.000000
b
0.217272 0.015276
0.217271 0.015261
0.202204 0.007672
0.202168 0.007618
-0.000000 0.000000
0.193500 0.002616
0.192807 0.001536
0.192258 0.000680
0.192257 0.000680
0.000000 0.000000
0.000000 0.000000
0.000000 0.000000
0.189757 -0.000325
0.000000 0.000000
0.169433 -0.010536
0.169406 -0.010553
0.163784 -0.013448
-0.000000 0.000000
0.161781 -0.014451
0.160702 -0.015135
0.074353 0.037196
0.074353 0.037196
0.085357 -0.052826
0.000000 0.000000
0.077871 -0.056830
0.033719 -0.080659
0.033716 -0.080662
0.021317 -0.046618
0.009910 -0.052073
0.034186 0.018828
0.029228 0.015854
0.004458 0.003467
0.013869 0.006935
-0.000000 0.000000
c
0.211529 0.010724
0.211528 0.010710
0.196428 0.003160
0.196369 0.003134
0.000000 0.000000
0.195268 0.002642
0.193962 0.002078
0.192927 0.001631
0.192927 0.001631
0.000000 0.000000
0.000000 0.000000
0.000000 0.000000
0.192911 0.001626
0.000000 0.000000
0.190412 0.000403
0.190369 0.000385
0.184379 -0.002534
0.000000 0.000000
0.184354 -0.002545
0.182566 -0.003300
0.073969 0.037001
0.073968 0.037001
0.105640 -0.041779
0.000000 0.000000
0.099145 -0.045264
0.019736 -0.086680
0.019733 -0.086682
0.009870 -0.052108
0.009855 -0.052117
0.025125 0.014286
0.004433 0.003448
0.004433 0.003448
0.000000 0.000000
0.000000 0.000000


SRXNR

a
0.301110 0.076455
0.300860 0.076276
0.300690 0.076152
0.297532 0.073851
0.000000 0.000000
0.293879 0.071131
0.290984 0.068974
0.290982 0.068973
0.290939 0.068950
0.083627 0.043060
0.066250 0.034352
-0.000000 0.000000
0.206603 0.025556
0.000000 0.000000
0.206548 0.025528
0.201818 0.023400
0.196880 0.020931
0.000000 0.000000
0.194677 0.019803
0.194677 0.019803
0.073321 0.036673
0.073248 0.036624
0.117822 -0.018394
-0.000000 0.000000
0.115736 -0.019439
0.080091 -0.038480
0.075678 -0.040927
0.009765 -0.052188
0.009763 -0.052190
0.027826 0.015133
0.013180 0.007810
0.004393 0.003417
-0.000000 0.000000
0.000000 0.000000
b
0.217271 0.015261
0.217202 0.015171
0.202168 0.007618
0.201487 0.006609
-0.000000 0.000000
0.192807 0.001536
0.192258 0.000680
0.192257 0.000680
0.192247 0.000671
0.000000 0.000000
0.000000 0.000000
0.000000 0.000000
0.189331 -0.000588
0.000000 0.000000
0.169406 -0.010553
0.168751 -0.010964
0.163768 -0.013458
-0.000000 0.000000
0.160702 -0.015135
0.160701 -0.015135
0.074353 0.037196
0.074294 0.037147
0.085303 -0.052867
0.000000 0.000000
0.077812 -0.056877
0.033716 -0.080662
0.033702 -0.080673
0.021304 -0.046623
0.009908 -0.052074
0.034182 0.018826
0.029224 0.015851
0.004458 0.003467
0.013869 0.006935
0.000000 0.000000
c
0.211528 0.010710
0.211425 0.010659
0.196369 0.003134
0.195268 0.002642
0.000000 0.000000
0.193962 0.002078
0.192927 0.001631
0.192927 0.001631
0.192911 0.001626
0.000000 0.000000
0.000000 0.000000
0.000000 0.000000
0.192395 0.001394
0.000000 0.000000
0.190369 0.000385
0.189326 -0.000060
0.184354 -0.002545
0.000000 0.000000
0.182566 -0.003300
0.182565 -0.003300
0.073968 0.037001
0.073899 0.036950
0.105550 -0.041814
0.000000 0.000000
0.099048 -0.045300
0.019733 -0.086682
0.019723 -0.086689
0.009855 -0.052117
0.009853 -0.052118
0.025123 0.014285
0.004433 0.003448
0.004433 0.003448
0.000000 0.000000
0.000000 0.000000


iNR

a
0.000000 0.000000
0.000000 0.000000
0.000000 0.000000
0.000000 0.000000
0.000000 0.000000
0.000000 0.000000
0.000000 0.000000
0.000000 0.000000
0.000000 0.000000
0.000000 0.000000
0.017265 -0.008982
0.068935 -0.037168
0.000000 0.000000
0.000000 0.000000
0.000000 0.000000
0.003564 -0.001601
0.005100 -0.002677
0.000000 0.000000
0.000000 0.000000
0.000000 0.000000
0.003594 -0.001645
0.000000 0.000000
0.076926 -0.040843
0.002051 -0.001090
0.000000 0.000000
0.008204 -0.004369
0.004608 -0.002718
0.069823 -0.013794
0.000000 0.000000
0.011846 0.055265
0.015384 -0.008192
0.009231 -0.004915
0.004582 -0.003756
0.000000 0.000000
0.000000 0.000000
b
0.000000 0.000000
0.000000 0.000000
-0.014002 -0.009236
0.000000 0.000000
-0.007510 -0.004898
0.000000 0.000000
0.000000 0.000000
0.000000 0.000000
0.000000 0.000000
-0.002156 -0.001642
0.000000 0.000000
0.000000 0.000000
0.000000 0.000000
-0.019015 -0.012095
0.000000 0.000000
0.000000 0.000000
-0.004773 -0.003018
-0.001909 -0.001207
0.000000 0.000000
0.000000 0.000000
-0.000961 -0.000601
0.000000 0.000000
-0.072147 -0.045099
-0.007430 -0.004373
0.000000 0.000000
-0.009624 -0.006000
0.000000 0.000000
0.023099 -0.029031
-0.010855 -0.007027
0.040140 -0.036522
-0.005245 -0.002735
-0.010588 -0.006601
-0.005413 -0.002038
-0.013476 -0.008401
0.000000 0.000000
c
0.000000 0.000000
0.000000 0.000000
-0.001000 0.016746
0.000000 0.000000
0.000000 0.000000
0.000000 0.000000
0.000000 0.000000
0.000000 0.000000
0.000000 0.000000
0.000000 0.000000
0.000000 0.000000
0.000000 0.000000
0.000000 0.000000
-0.000115 0.002262
0.000000 0.000000
0.000000 0.000000
-0.000275 0.005676
0.000000 0.000000
0.000000 0.000000
0.000000 0.000000
-0.000151 0.003427
0.000000 0.000000
-0.003765 0.085732
-0.000100 0.007553
0.000000 0.000000
-0.002694 0.062883
0.000000 0.000000
-0.036381 -0.008470
0.000000 0.000000
-0.052314 -0.017284
-0.000581 0.024260
0.000000 0.000000
0.000898 0.005766
0.000000 0.000000
0.000000 0.000000


sNR

a
0.000000 0.000000
0.000000 0.000000
0.000000 0.000000
0.000000 0.000000
0.000000 0.000000
0.000000 0.000000
0.000000 0.000000
0.000000 0.000000
0.000000 0.000000
0.000000 0.000000
0.016745 0.008373
0.066250 0.034352
0.000000 0.000000
0.000000 0.000000
0.000000 0.000000
0.003443 0.001476
0.004907 0.002453
0.000000 0.000000
0.000000 0.000000
0.000000 0.000000
0.003420 0.001466
0.000000 0.000000
0.073248 0.036624
0.001953 0.000977
0.000000 0.000000
0.007811 0.003905
0.004394 0.002441
0.065899 0.011255
0.000000 0.000000
0.009763 -0.052190
0.014645 0.007322
0.008786 0.004393
0.004393 0.003417
0.000000 0.000000
0.000000 0.000000
b
0.000000 0.000000
0.000000 0.000000
0.014998 0.007499
0.000000 0.000000
0.007987 0.003993
0.000000 0.000000
0.000000 0.000000
0.000000 0.000000
0.000000 0.000000
0.002489 0.000996
0.000000 0.000000
0.000000 0.000000
0.000000 0.000000
0.019898 0.009949
0.000000 0.000000
0.000000 0.000000
0.004967 0.002483
0.001987 0.000993
0.000000 0.000000
0.000000 0.000000
0.000991 0.000495
0.000000 0.000000
0.074294 0.037147
0.007431 0.003963
0.000000 0.000000
0.009908 0.004954
0.000000 0.000000
0.012385 -0.034055
0.011394 0.005449
0.009908 -0.052074
0.004954 0.002972
0.010897 0.005449
0.004458 0.003467
0.013869 0.006935
0.000000 0.000000
c
0.000000 0.000000
0.000000 0.000000
0.014997 0.007498
0.000000 0.000000
0.000000 0.000000
0.000000 0.000000
0.000000 0.000000
0.000000 0.000000
0.000000 0.000000
0.000000 0.000000
0.000000 0.000000
0.000000 0.000000
0.000000 0.000000
0.001983 0.000992
0.000000 0.000000
0.000000 0.000000
0.004947 0.002474
0.000000 0.000000
0.000000 0.000000
0.000000 0.000000
0.002957 0.001479
0.000000 0.000000
0.073899 0.036950
0.006406 0.003449
0.000000 0.000000
0.054188 0.027094
0.000000 0.000000
0.009853 -0.034581
0.000000 0.000000
0.009853 -0.052118
0.020689 0.010837
0.000000 0.000000
0.004433 0.003448
0.000000 0.000000
0.000000 0.000000
