VNR

a
1.000000 0.000000
0.996649 -0.006141
0.982367 -0.023218
0.981099 -0.023679
0.981018 -0.023730
0.000000 0.000000
0.000000 0.000000
0.972398 -0.045047
0.972355 -0.045426
0.969530 -0.046981
0.972320 -0.045104
0.971549 -0.045220
0.969171 -0.044555
0.000000 0.000000
b
-0.500000 -0.866025
-0.502730 -0.860810
-0.509553 -0.847251
-0.509435 -0.846365
-0.509462 -0.846315
-0.507582 -0.841346
-0.507021 -0.839339
-0.513185 -0.850009
-0.513207 -0.850226
-0.514601 -0.850372
-0.513225 -0.849924
0.000000 0.000000
0.000000 0.000000
0.000000 0.000000
c
-0.500000 0.866025
-0.492949 0.865705
-0.469135 0.857003
-0.468564 0.856062
-0.468514 0.856020
-0.469191 0.858657
-0.469237 0.859210
-0.446933 0.844518
-0.446663 0.844287
-0.446356 0.843388
-0.446835 0.844485
-0.445912 0.843977
0.000000 0.000000
-0.444607 0.843595


INR

a
0.291926 -0.127046
0.291926 -0.127046
0.039775 -0.028786
0.039775 -0.028786
0.000000 0.000000
0.000000 0.000000
0.252151 -0.098260
0.122973 -0.013126
0.122973 -0.013126
0.002480 -0.001387
0.031554 -0.023373
0.031554 -0.023373
-0.000000 0.000000
b
-0.229810 -0.150545
-0.229810 -0.150545
-0.035007 -0.014203
-0.035007 -0.014203
-0.107901 -0.053002
-0.058669 -0.032538
-0.086903 -0.083341
0.012716 -0.027638
0.012716 -0.027638
-0.002373 -0.001500
0.000000 0.000000
0.000000 0.000000
0.000000 0.000000
c
-0.021564 0.321649
-0.021564 0.321649
0.005414 0.037673
0.005414 0.037673
0.000000 0.000000
0.000000 0.000000
-0.026978 0.283975
-0.009865 0.128643
-0.023743 0.071850
-0.000066 0.002873
-0.020739 0.038530
0.000000 0.000000
-0.020739 0.038530


STXNR

a
0.291926 0.127046
0.291728 0.124828
0.039742 0.027355
0.039705 0.027300
-0.000000 0.000000
0.000000 0.000000
0.249987 0.090673
0.120170 0.007224
0.120170 0.007177
0.002474 0.001237
0.031736 0.021306
0.031713 0.021281
0.000000 0.000000
b
0.245281 0.123749
0.245123 0.122139
0.029871 0.022422
0.029854 0.022393
0.099887 0.064412
0.057155 0.032845
0.114892 0.031162
0.016967 -0.024992
0.016973 -0.024996
0.002493 0.001247
-0.000000 0.000000
0.000000 0.000000
0.000000 0.000000
c
0.289338 0.142149
0.289083 0.139888
0.029746 0.022313
0.029714 0.022287
0.000000 0.000000
0.000000 0.000000
0.256024 0.110103
0.113050 0.049164
0.071267 0.012047
0.002456 0.001228
0.041809 -0.000294
0.000000 0.000000
0.041766 -0.000322


SRXNR

a
0.291728 0.124828
0.289729 0.118028
0.039705 0.027300
0.039703 0.027296
0.000000 0.000000
0.000000 0.000000
0.249618 0.084189
0.120170 0.007177
0.119843 0.006949
0.002474 0.001237
0.031713 0.021281
0.031623 0.021247
0.000000 0.000000
b
0.245123 0.122139
0.244650 0.117996
0.029854 0.022393
0.029855 0.022391
0.099361 0.063879
0.057057 0.032746
0.115438 0.031099
0.016973 -0.024996
0.016959 -0.025036
0.002493 0.001246
0.000000 0.000000
0.000000 0.000000
0.000000 0.000000
c
0.289083 0.139888
0.285770 0.132416
0.029714 0.022287
0.029713 0.022285
0.000000 0.000000
0.000000 0.000000
0.251880 0.104135
0.113018 0.049131
0.071195 0.012046
0.002456 0.001228
0.041766 -0.000322
0.000000 0.000000
0.041725 -0.000365


iNR

a
0.000000 0.000000
0.000000 0.000000
0.000000 0.000000
0.000000 0.000000
0.031820 -0.023029
0.000000 0.000000
0.000000 0.000000
0.076115 -0.048299
0.000000 0.000000
0.098778 -0.002269
0.001984 -0.001110
0.000000 0.000000
0.025243 -0.018698
0.000000 0.000000
b
0.000000 0.000000
0.000000 0.000000
0.000000 0.000000
0.000000 0.000000
-0.028005 -0.011362
-0.039385 -0.016371
-0.046935 -0.026030
-0.077797 -0.043362
0.000000 0.000000
0.017059 -0.026278
-0.001898 -0.001200
0.000000 0.000000
0.000000 0.000000
0.000000 0.000000
c
0.000000 0.000000
0.000000 0.000000
0.000000 0.000000
0.000000 0.000000
0.004331 0.030139
0.000000 0.000000
0.000000 0.000000
0.002954 0.091143
0.011102 0.045434
-0.026404 0.053558
-0.000053 0.002299
0.000000 0.000000
0.000000 0.000000
-0.020302 0.028868


sNR

a
0.000000 0.000000
0.000000 0.000000
0.000000 0.000000
0.000000 0.000000
0.031762 0.021837
0.000000 0.000000
0.000000 0.000000
0.076190 0.043537
0.000000 0.000000
0.095874 -0.002441
0.001979 0.000989
0.000000 0.000000
0.025298 0.016997
0.000000 0.000000
b
0.000000 0.000000
0.000000 0.000000
0.000000 0.000000
0.000000 0.000000
0.023884 0.017913
0.033765 0.024827
0.045645 0.026197
0.076782 0.043876
0.000000 0.000000
0.013567 -0.028029
0.001994 0.000997
0.000000 0.000000
0.000000 0.000000
0.000000 0.000000
c
0.000000 0.000000
0.000000 0.000000
0.000000 0.000000
0.000000 0.000000
0.023770 0.017828
0.000000 0.000000
0.000000 0.000000
0.075652 0.043230
0.033400 0.029667
0.056956 0.001637
0.001965 0.000982
0.000000 0.000000
0.000000 0.000000
0.033380 -0.004292
