VNR

a
1.000000 0.000000
0.999966 -0.000090
0.999043 -0.000450
0.998416 -0.000701
0.986740 -0.005376
0.000000 0.000000
0.973190 -0.010968
0.962448 -0.015402
0.962443 -0.015404
0.962289 -0.015441
0.961884 -0.015440
0.952758 -0.015379
0.952758 -0.015379
0.959009 -0.016450
0.000000 0.000000
0.958741 -0.016543
0.952351 -0.018760
0.952193 -0.018817
0.000000 0.000000
0.941002 -0.022871
0.940999 -0.022872
0.940997 -0.022872
0.939994 -0.022979
0.940169 -0.023438
0.940169 -0.023438
0.939192 -0.024127
0.939156 -0.024161
0.939000 -0.024321
0.939063 -0.024594
0.939073 -0.024638
0.939087 -0.024110
0.939005 -0.024073
0.938998 -0.024071
0.939005 -0.024070
0.000000 0.000000
b
-0.500000 -0.866025
-0.500053 -0.865984
-0.500220 -0.865488
-0.500350 -0.865193
-0.502774 -0.859692
-0.502774 -0.859692
-0.505689 -0.853769
-0.508000 -0.849073
-0.508001 -0.849071
-0.508013 -0.849001
0.000000 0.000000
0.000000 0.000000
0.000000 0.000000
-0.508051 -0.846387
-0.508051 -0.846387
-0.508068 -0.846204
-0.508433 -0.841721
-0.508444 -0.841611
-0.508444 -0.841611
-0.509295 -0.833921
-0.509296 -0.833919
-0.509295 -0.833918
-0.509015 -0.833066
-0.509694 -0.833389
0.000000 0.000000
-0.510217 -0.832830
-0.510258 -0.832819
-0.510453 -0.832763
-0.510683 -0.832617
-0.510720 -0.832608
-0.510161 -0.832729
-0.510107 -0.832594
-0.510103 -0.832589
-0.510104 -0.832586
0.000000 0.000000
c
-0.500000 0.866025
-0.499942 0.866048
-0.499505 0.865728
-0.499241 0.865531
-0.494330 0.861849
0.000000 0.000000
-0.488597 0.857437
-0.484051 0.853940
-0.484049 0.853938
-0.483990 0.853877
0.000000 0.000000
0.000000 0.000000
0.000000 0.000000
-0.481684 0.852157
0.000000 0.000000
-0.481495 0.852011
-0.476872 0.848460
-0.476757 0.848374
0.000000 0.000000
-0.468574 0.842211
-0.468571 0.842209
-0.468571 0.842208
-0.467943 0.841431
-0.467796 0.841961
0.000000 0.000000
-0.466915 0.841712
-0.466897 0.841735
-0.466806 0.841847
-0.466597 0.842076
-0.466566 0.842106
-0.466880 0.841638
-0.466888 0.841641
-0.466885 0.841634
-0.466888 0.841643
-0.466888 0.841643


INR

a
0.301106 -0.076480
0.301106 -0.076480
0.301106 -0.076480
0.301106 -0.076480
0.000000 0.000000
0.301106 -0.076480
0.301106 -0.076480
0.301106 -0.076480
0.301106 -0.076480
0.086199 -0.046149
0.068934 -0.037168
-0.000000 0.000000
0.214907 -0.030330
-0.000000 0.000000
0.214907 -0.030330
0.211343 -0.028730
0.206243 -0.026053
-0.000000 0.000000
0.206243 -0.026053
0.206243 -0.026053
0.076924 -0.040841
0.076924 -0.040841
0.125726 0.016433
-0.000000 0.000000
0.123675 0.017523
0.086274 0.038755
0.081666 0.041473
0.011846 0.055265
0.011846 0.055265
0.029197 -0.016863
0.013813 -0.008671
0.004582 -0.003756
0.000000 0.000000
-0.000000 0.000000
b
-0.121860 -0.180522
-0.121860 -0.180522
-0.107858 -0.171286
-0.107858 -0.171286
-0.000000 0.000000
-0.100348 -0.166388
-0.100348 -0.166388
-0.100348 -0.166388
-0.100348 -0.166388
0.000000 0.000000
0.000000 0.000000
0.000000 0.000000
-0.098192 -0.164745
0.000000 0.000000
-0.079177 -0.152650
-0.079177 -0.152650
-0.074404 -0.149633
0.000000 0.000000
-0.072495 -0.148426
-0.072495 -0.148426
-0.072145 -0.045098
-0.072145 -0.045098
0.000611 -0.102727
0.000000 0.000000
0.008041 -0.098354
0.052386 -0.072579
0.052386 -0.072579
0.029287 -0.043548
0.040141 -0.036522
-0.034721 -0.019775
-0.029477 -0.017040
-0.005413 -0.002038
-0.013476 -0.008401
0.000000 0.000000
c
-0.096477 0.188548
-0.096477 0.188548
-0.095477 0.171802
-0.095477 0.171802
0.000000 0.000000
-0.095477 0.171802
-0.095477 0.171802
-0.095477 0.171802
-0.095477 0.171802
0.000000 0.000000
0.000000 0.000000
0.000000 0.000000
-0.095477 0.171802
0.000000 0.000000
-0.095362 0.169540
-0.095362 0.169540
-0.095087 0.163864
0.000000 0.000000
-0.095087 0.163864
-0.095087 0.163864
-0.003765 0.085731
-0.003765 0.085731
-0.091171 0.074706
-0.000000 0.000000
-0.091071 0.067153
-0.088695 -0.025754
-0.088695 -0.025754
-0.052314 -0.017284
-0.052314 -0.017284
0.000317 0.030025
0.000898 0.005766
0.000898 0.005766
0.000000 0.000000
0.000000 0.000000


STXNR

a
0.301106 0.076480
0.301102 0.076450
0.300852 0.076271
0.300683 0.076147
-0.000000 0.000000
0.297524 0.073847
0.293872 0.071127
0.290977 0.068970
0.290975 0.068969
0.083661 0.043078
0.066881 0.034687
0.000000 0.000000
0.207271 0.025868
0.000000 0.000000
0.206597 0.025552
0.203098 0.024048
0.196905 0.020943
0.000000 0.000000
0.196874 0.020927
0.194671 0.019799
0.073319 0.036672
0.073319 0.036672
0.117932 -0.018339
0.000000 0.000000
0.115865 -0.019373
0.080093 -0.038480
0.075695 -0.040922
0.009779 -0.052182
0.009765 -0.052189
0.027828 0.015134
0.013181 0.007810
0.004393 0.003417
-0.000000 0.000000
0.000000 0.000000
b
0.217267 0.015273
0.217266 0.015258
0.202199 0.007669
0.202162 0.007615
0.000000 0.000000
0.193494 0.002613
0.192801 0.001533
0.192252 0.000677
0.192252 0.000677
-0.000000 0.000000
0.000000 0.000000
0.000000 0.000000
0.189752 -0.000328
-0.000000 0.000000
0.169427 -0.010539
0.169401 -0.010556
0.163778 -0.013450
-0.000000 0.000000
0.161776 -0.014454
0.160697 -0.015137
0.074351 0.037195
0.074351 0.037195
0.085355 -0.052828
-0.000000 0.000000
0.077869 -0.056832
0.033718 -0.080660
0.033715 -0.080662
0.021316 -0.046618
0.009909 -0.052073
0.034185 0.018828
0.029227 0.015853
0.004458 0.003467
0.013869 0.006934
-0.000000 0.000000
c
0.211526 0.010722
0.211525 0.010709
0.196425 0.003159
0.196366 0.003133
0.000000 0.000000
0.195265 0.002640
0.193960 0.002077
0.192925 0.001629
0.192924 0.001629
0.000000 0.000000
0.000000 0.000000
0.000000 0.000000
0.192908 0.001625
0.000000 0.000000
0.190409 0.000401
0.190366 0.000383
0.184376 -0.002535
0.000000 0.000000
0.184351 -0.002546
0.182563 -0.003301
0.073968 0.037000
0.073968 0.037000
0.105638 -0.041780
-0.000000 0.000000
0.099143 -0.045264
0.019735 -0.086680
0.019733 -0.086682
0.009870 -0.052108
0.009855 -0.052117
0.025124 0.014286
0.004433 0.003448
0.004433 0.003448
0.000000 0.000000
0.000000 0.000000


SRXNR

a
0.301102 0.076450
0.300852 0.076271
0.300683 0.076147
0.297524 0.073847
0.000000 0.000000
0.293872 0.071127
0.290977 0.068970
0.290975 0.068969
0.290932 0.068946
0.083626 0.043059
0.066249 0.034352
0.000000 0.000000
0.206597 0.025552
0.000000 0.000000
0.206542 0.025524
0.201812 0.023396
0.196874 0.020927
0.000000 0.000000
0.194671 0.019799
0.194671 0.019799
0.073319 0.036672
0.073246 0.036623
0.117818 -0.018397
0.000000 0.000000
0.115732 -0.019441
0.080089 -0.038482
0.075676 -0.040929
0.009765 -0.052189
0.009763 -0.052190
0.027825 0.015132
0.013179 0.007810
0.004393 0.003417
-0.000000 0.000000
0.000000 0.000000
b
0.217266 0.015258
0.217196 0.015168
0.202162 0.007615
0.201481 0.006606
0.000000 0.000000
0.192801 0.001533
0.192252 0.000677
0.192252 0.000677
0.192241 0.000668
0.000000 0.000000
0.000000 0.000000
0.000000 0.000000
0.189325 -0.000591
-0.000000 0.000000
0.169401 -0.010556
0.168745 -0.010967
0.163763 -0.013460
-0.000000 0.000000
0.160697 -0.015137
0.160696 -0.015138
0.074351 0.037195
0.074292 0.037146
0.085300 -0.052869
0.000000 0.000000
0.077810 -0.056879
0.033715 -0.080662
0.033700 -0.080674
0.021303 -0.046624
0.009908 -0.052074
0.034181 0.018825
0.029223 0.015850
0.004458 0.003467
0.013869 0.006934
0.000000 0.000000
c
0.211525 0.010709
0.211422 0.010657
0.196366 0.003133
0.195265 0.002640
0.000000 0.000000
0.193960 0.002077
0.192925 0.001629
0.192924 0.001629
0.192908 0.001625
0.000000 0.000000
0.000000 0.000000
0.000000 0.000000
0.192392 0.001393
0.000000 0.000000
0.190366 0.000383
0.189324 -0.000062
0.184351 -0.002546
0.000000 0.000000
0.182563 -0.003301
0.182563 -0.003301
0.073968 0.037000
0.073899 0.036949
0.105549 -0.041815
0.000000 0.000000
0.099047 -0.045301
0.019733 -0.086682
0.019722 -0.086690
0.009855 -0.052117
0.009853 -0.052118
0.025122 0.014285
0.004433 0.003448
0.004433 0.003448
0.000000 0.000000
0.000000 0.000000


iNR

a
0.000000 0.000000
0.000000 0.000000
0.000000 0.000000
0.000000 0.000000
0.000000 0.000000
0.000000 0.000000
0.000000 0.000000
0.000000 0.000000
0.000000 0.000000
0.000000 0.000000
0.017265 -0.008982
0.068935 -0.037168
0.000000 0.000000
0.000000 0.000000
0.000000 0.000000
0.003564 -0.001601
0.005100 -0.002677
0.000000 0.000000
0.000000 0.000000
0.000000 0.000000
0.003594 -0.001645
0.000000 0.000000
0.076926 -0.040843
0.002051 -0.001090
0.000000 0.000000
0.008204 -0.004369
0.004608 -0.002718
0.069822 -0.013794
0.000000 0.000000
0.011846 0.055265
0.015384 -0.008192
0.009231 -0.004915
0.004582 -0.003756
0.000000 0.000000
0.000000 0.000000
b
0.000000 0.000000
0.000000 0.000000
-0.014002 -0.009236
0.000000 0.000000
-0.007510 -0.004898
0.000000 0.000000
0.000000 0.000000
0.000000 0.000000
0.000000 0.000000
-0.002156 -0.001642
0.000000 0.000000
0.000000 0.000000
0.000000 0.000000
-0.019015 -0.012095
0.000000 0.000000
0.000000 0.000000
-0.004773 -0.003018
-0.001909 -0.001207
0.000000 0.000000
0.000000 0.000000
-0.000961 -0.000601
0.000000 0.000000
-0.072147 -0.045099
-0.007430 -0.004373
0.000000 0.000000
-0.009624 -0.006000
0.000000 0.000000
0.023099 -0.029031
-0.010855 -0.007027
0.040140 -0.036522
-0.005245 -0.002735
-0.010588 -0.006601
-0.005413 -0.002038
-0.013476 -0.008401
0.000000 0.000000
c
0.000000 0.000000
0.000000 0.000000
-0.001000 0.016746
0.000000 0.000000
0.000000 0.000000
0.000000 0.000000
0.000000 0.000000
0.000000 0.000000
0.000000 0.000000
0.000000 0.000000
0.000000 0.000000
0.000000 0.000000
0.000000 0.000000
-0.000115 0.002262
0.000000 0.000000
0.000000 0.000000
-0.000275 0.005676
0.000000 0.000000
0.000000 0.000000
0.000000 0.000000
-0.000151 0.003427
0.000000 0.000000
-0.003765 0.085732
-0.000100 0.007553
0.000000 0.000000
-0.002694 0.062883
0.000000 0.000000
-0.036381 -0.008470
0.000000 0.000000
-0.052314 -0.017284
-0.000581 0.024260
0.000000 0.000000
0.000898 0.005766
0.000000 0.000000
0.000000 0.000000


sNR

a
0.000000 0.000000
0.000000 0.000000
0.000000 0.000000
0.000000 0.000000
0.000000 0.000000
0.000000 0.000000
0.000000 0.000000
0.000000 0.000000
0.000000 0.000000
0.000000 0.000000
0.016745 0.008373
0.066250 0.034352
0.000000 0.000000
0.000000 0.000000
0.000000 0.000000
0.003443 0.001476
0.004907 0.002453
0.000000 0.000000
0.000000 0.000000
0.000000 0.000000
0.003420 0.001466
0.000000 0.000000
0.073248 0.036624
0.001953 0.000977
0.000000 0.000000
0.007811 0.003905
0.004394 0.002441
0.065899 0.011255
0.000000 0.000000
0.009763 -0.052190
0.014645 0.007322
0.008787 0.004393
0.004393 0.003417
0.000000 0.000000
0.000000 0.000000
b
0.000000 0.000000
0.000000 0.000000
0.014998 0.007499
0.000000 0.000000
0.007987 0.003993
0.000000 0.000000
0.000000 0.000000
0.000000 0.000000
0.000000 0.000000
0.002489 0.000996
0.000000 0.000000
0.000000 0.000000
0.000000 0.000000
0.019898 0.009949
0.000000 0.000000
0.000000 0.000000
0.004967 0.002483
0.001987 0.000993
0.000000 0.000000
0.000000 0.000000
0.000991 0.000495
0.000000 0.000000
0.074294 0.037147
0.007431 0.003963
0.000000 0.000000
0.009908 0.004954
0.000000 0.000000
0.012385 -0.034055
0.011394 0.005449
0.009908 -0.052074
0.004954 0.002972
0.010897 0.005449
0.004458 0.003467
0.013869 0.006935
0.000000 0.000000
c
0.000000 0.000000
0.000000 0.000000
0.014997 0.007498
0.000000 0.000000
0.000000 0.000000
0.000000 0.000000
0.000000 0.000000
0.000000 0.000000
0.000000 0.000000
0.000000 0.000000
0.000000 0.000000
0.000000 0.000000
0.000000 0.000000
0.001983 0.000992
0.000000 0.000000
0.000000 0.000000
0.004947 0.002474
0.000000 0.000000
0.000000 0.000000
0.000000 0.000000
0.002957 0.001479
0.000000 0.000000
0.073899 0.036950
0.006406 0.003449
0.000000 0.000000
0.054188 0.027094
0.000000 0.000000
0.009853 -0.034581
0.000000 0.000000
0.009853 -0.052118
0.020689 0.010837
0.000000 0.000000
0.004433 0.003448
0.000000 0.000000
0.000000 0.000000
