VNR

a
1.000000 0.000000
0.988570 -0.012050
0.978416 -0.022765
0.975863 -0.025436
b
-0.500000 -0.866025
-0.508733 -0.838606
-0.516513 -0.814252
-0.518417 -0.808122
c
-0.500000 0.866025
-0.485188 0.864925
-0.472024 0.863951
-0.468727 0.863697


INR

a
1.511204 -0.418412
0.671559 -0.185600
0.839645 -0.232812
0.168086 -0.047212
b
-1.681354 -1.204406
-0.746484 -0.535689
-0.934870 -0.668717
-0.188386 -0.133028
c
-0.210236 1.179366
-0.093667 0.524022
-0.116569 0.655344
-0.022901 0.131322


STXNR

a
1.511204 0.418412
0.666120 0.175386
0.832853 0.220033
0.165532 0.042367
b
1.883723 0.853892
0.828993 0.353484
1.036389 0.443790
0.205623 0.084683
c
1.126479 0.407613
0.498686 0.173234
0.623381 0.217142
0.124266 0.042202


SRXNR

a
1.498973 0.395419
0.661289 0.166306
0.825300 0.205835
0.165229 0.041797
b
1.865382 0.797273
0.821754 0.331136
1.025058 0.408815
0.205166 0.083275
c
1.122067 0.390376
0.496943 0.166427
0.620658 0.206497
0.124157 0.041774


iNR

a
0.000000 0.000000
0.000000 0.000000
0.503487 -0.138391
1.007764 -0.280033
b
0.000000 0.000000
0.000000 0.000000
-0.558145 -0.402695
-1.123376 -0.801831
c
0.000000 0.000000
0.000000 0.000000
-0.070768 0.392711
-0.139475 0.786694


sNR

a
0.000000 0.000000
0.000000 0.000000
0.495770 0.123943
0.990563 0.247641
b
0.000000 0.000000
0.000000 0.000000
0.616184 0.246474
1.230355 0.492142
c
0.000000 0.000000
0.000000 0.000000
0.372687 0.124229
0.744840 0.248280
