-0.6528535437104461
0.42493177685727795
0.17262941076592095
-1.133041029635975
0.052024854456815685
2.101910415437928
1.259007188807302
-1.6792145048356835
-0.41954913683784933
1.4340282246692904
-0.055202699216146144
1.0056945797088022
0.18402821579657602
0.26871291269335357
1.098904299953861
-1.0084090369522132
-1.111482797473034
-0.9036856414788623
-2.141137179967109
-0.5558990608983816
-0.3851415689996303
1.2503419836761513
-0.34116587576817714
0.16717314767285177
-0.2734503282729036
0.26118007856221176
0.23408686575234602
-0.10279271893274401
0.4434697489298506
-0.4741168429174645
-0.2024902695891195
2.2199032148457993
-0.23664836452316243
-0.2642333827510174
0.9148057237568085
-0.012519786853899869
-1.211515883123753
1.2549830812204619
-0.35607776847313505
-0.3037879201344755
-0.7144476244795289
-0.038843345873487915
-1.3204174404040308
1.1957206439738992
0.8010649997951247
-1.1816987576199636
0.22039065319235393
0.4903904355388847
-1.800033801966329
0.5269406306433074
1.444137207325076
-0.46146474630813544
0.041038209272278046
-1.1514223827469954
-1.3545312634738134
-0.3319240475509852
-2.0031306865242784
-0.5418519447999997
0.21637976806790943
0.19846907937024022
-0.6383599293451808
-0.667958548399495
0.5213305178467614
0.3912378539760005
0.6847457689239355
-0.8203052821008029
-2.1696275255000503
0.32811082864003366
-1.6321848553911198
-0.1444617240436383
-1.675503006132479
2.0491353730559885
0.9941360591584987
1.007524815047353
-2.2955644492867093
0.6006764662729308
0.9449589562727757
0.8304442771532803
0.8247675175178738
-0.6549885573882074
-0.132009970262218
0.3375048969073128
0.8026763731847311
0.3082366928315981
0.6463171914674404
-1.5613536602139033
-0.8167228436218943
0.553484334422558
0.38867726915540013
0.837258887202762
-1.6204762160142325
0.3106023104531773
0.5683196150006788
1.3097881228450794
0.04792372866116234
-0.6312612937256339
-0.9272696524026641
0.6648905281978797
-0.3345016309896381
-1.1968960280084517
-0.0833628463307334
-0.9327089266610412
-0.6098170897317696
-0.6550492761525198
0.02074492548112724
-0.1503258612301703
0.4027580405727486
-2.0313722378257832
0.5607868065433481
-0.47015921465181254
-1.2924694511492458
0.5789634743142613
0.3721631033531078
-0.4330607407613526
-1.3535430485129765
0.6341288659334678
1.0827328936875984
-1.416805054344418
0.38721664704284553
1.110436366988591
0.7357200377314288
-1.4975762463064008
0.07131476236031818
-0.11058800154894133
-0.15294638237306366
-0.3416936311368001
0.04809671926234479
1.4131861688210172
-0.6237269181115
-0.3384118601509248
-1.559102575742207
0.2742925887190211
0.3927134415544649
0.17339404994717358
2.487468434645374
0.05231912011665314
-0.1778470167124335
1.3421585905976194
-0.13762264723918657
0.4355796574668696
0.41165434826798525
0.7367703598785865
0.3006551589356961
1.0383765317368812
0.8752729523912502
3.0536174693996774
-0.17883894232909453
-0.5207985983332393
-0.7201183708787632
-0.04071273271595731
-1.5219395269337235
-1.0450868447960058
-1.6843016755582592
-2.1045960944125954
-0.50051296356248
1.1611325596472468
-0.5047153903014884
0.5941787541024578
-0.2702622501615914
-0.374689546142523
0.17119455712411513
0.5368604556899024
1.81365311576794
0.5952709477336587
-0.2387154924499974
0.7007893297327431
0.6898141193304371
-0.8505815718235575
1.0107059440648907
1.1799407441726337
-0.9960521635615937
1.5203480392632072
0.23742161988338953
0.9151556389890999
-1.079985886597825
0.45211556635789846
-0.19861919789483887
1.1152837209600364
-0.703762483872087
0.46702660026797044
0.2707462423684797
0.028110603401382335
-1.572984339853707
-0.7404335719312178
-0.500720565158205
0.8462709556770778
1.3703310722921886
0.24469859840055364
0.12610473031439196
-0.914490056075657
0.2489633279753635
1.4311272164811717
-1.533340535798117
0.28719919141713496
-1.0678882114026509
-0.05277318767499604
0.7333063217077245
-0.051986549177732
-2.5927401139536825
0.23483042659189426
0.8815055480119101
0.3237921656030327
-0.19094383509128518
-0.31876178551835865
2.0353144821906475
0.6878327512236208
2.0320911050369674
-0.8943228703360453
0.20919502336445434
0.8104712841761176
1.8220019216481906
0.543562227558615
0.8472094188379166
-0.06315766281989753
1.4635908958657617
0.07367607356770796
0.5244133836740519
-1.9266592300227898
1.0431362334592398
0.3763226810025506
-0.8241298519781955
-0.7704962207250362
-0.4795523943404642
1.8367497819545093
-0.23530252072312077
0.3566095866224138
1.0961086840155922
-1.658956870159763
-0.7155031396261997
0.2941999796863887
0.138026120812949
0.005271330866997062
1.8385006584494026
0.6990684824402871
0.8469051151875668
-0.6460513958973929
-0.7214129710560586
-0.13144217366913993
2.4048434370234744
0.3420544131696465
-0.029617170511909336
-0.40582812973185034
-0.7986117313706357
0.39975386035647276
-0.8846053948766921
0.20055101751221863
-0.7995761988738253
-0.5632388878558446
-0.48819184757072454
0.10405272843573965
-0.9036755097453018
1.1079053869890376
0.4840746378232166
0.7324898013438059
-0.09260717633137158
-0.11451975544301073
-0.21153456343430346
0.37375340812879493
-0.15939711293473388
0.9167245064941456
0.1668582130635859
0.18848568122026832
-1.4748295514717351
-0.8257208929419465
-0.8723018629875086
-1.3294830960667219
0.34422948485247373
2.7077915301648403
2.4725781428830866
-1.2236223169835783
0.9537128834712313
0.5470479017015436
0.9939281695998979
0.14340198577267793
1.0120963757699943
-0.3084869449916169
0.05624459155884677
-0.587896357566004
0.6667945007250509
0.8909187538539585
1.015019263410238
0.2117603491327866
-0.8092785646240733
1.0176161387581546
-1.2643040436910136
1.3182620677692525
-0.6090191002830011
0.30888590901705065
0.12450053487785111
-1.0689274003778662
0.5606646808777417
-0.2095091835304845
-0.4950366224500755
0.09184870447865467
-1.6347506224180737
-1.287603989659115
-0.24822829381945521
-0.35225826939684324
0.6194139353776084
-0.8407840288836091
-1.581726220421027
-0.8401599836295482
-0.3953142162497367
-1.2376005046801324
1.6323857908475223
0.7997882779570493
-1.2937896286031498
-1.4830245072760717
0.36311326721684434
-0.4529048831533463
-1.398220914443659
0.7231591252225488
-1.0572964308007746
-0.7248564053888297
-0.35285030422851293
0.9947416039558918
-0.5191088333551884
-0.6442685157415343
-0.9245957079656733
0.5258222568940665
-0.3897669524110845
1.2460596792179461
-0.805101243281688
-0.7261062899400673
-1.1331715274211316
0.5581727206516176
0.7305176439211827
-0.5944627916405184
-0.5407522345791508
-1.3540914855304087
-0.7215012665990622
0.21274777713089085
1.8559294870031064
0.2601972248717806
0.9578375550389203
-0.2647800898447507
2.3563588851581567
-0.46486352310431817
-0.49910821983470655
-1.8408561552230795
1.224601672697058
-0.7328051395294786
0.9401071444712317
1.4476944462941548
1.1459399045552099
-0.8008387139753158
-1.1977519273058947
0.5084556733120652
0.4496991470095411
-0.12390726085113432
-0.9155707152804325
1.0410036791403445
1.2461327963004323
-0.6148073383501994
0.4005761144491807
0.31438248503210725
-1.1487722511680127
-0.12344875758690485
-0.31216624196680864
-0.29468028830981285
-1.0684477547624271
0.9384981197235449
0.2428320918073618
1.7687847119471432
-0.9596188571989015
0.17722743729079685
0.5079705031131738
1.465686321631255
1.9633974490645372
-1.8398372051293814
0.6522002530350544
-1.5162590569010825
0.2878098769166942
0.9179854706495731
-1.9527609877629828
-0.6562300262904786
-0.12523856671795972
-1.1965337785902963
-0.23997231836144547
-0.7830158899044284
0.6146393507805644
0.5120171746963723
0.6906200523769679
-0.1721551119583982
0.09998024483380188
1.2532308269793775
-0.5179308661300782
-0.3506644545776218
-1.2897083512261054
1.0022795434579073
0.011453881877573482
0.9285036393829059
0.6409522053708467
0.19078572000299795
0.3293969966823177
-0.5879465363807129
-0.08948795774092251
-0.9300817763196814
0.5082205993200127
-1.472910456441364
1.2937887828964332
0.7398149126420133
-1.1663649117914396
-0.13451145769735706
-0.9722797820050899
-0.6634988119514696
-1.2248278090894635
-0.9807694740379249
0.8974484539582038
-0.4366916741297694
0.8391591161251302
0.7220322297251127
-1.964965342047223
-0.09628158788355287
0.4558906901286175
0.07330460358180595
0.6089502786220126
-0.14215730290774725
2.1224930764115064
0.31831487043572654
-1.0087289573704723
-0.27207139618908593
1.354787079821138
0.2830140856379819
-0.6868457487439671
1.1829362835772181
0.6829103166153706
-0.6303044298584484
0.2828989270361166
-0.48741484076116287
2.1666875084643156
0.7468393725884579
-0.02660234583487133
0.6353451226961564
0.8027797601692822
1.658641899023196
-1.544244722439003
-0.3394701507770758
0.642227321706566
0.423910032936315
-1.0637528617751189
1.5643045032339757
-0.21652505922059528
-1.3616962316246504
0.661384052635802
1.6239509558028196
3.4978345744640804
-1.3104415569169998
0.19985229516156255
0.37954985201601443
0.995848923020392
2.090369719024497
1.0445994135431456
0.07518162558138991
-1.7981095047272155
-0.19163157012343665
-2.237948433656057
-0.2824190365377516
-0.4864739150776009
-0.740765929400848
2.191646547392275
0.7572813884079683
0.43688944508564587
1.499453908876914
-0.2945622984767622
0.01720180861885604
-0.31342558646806135
-1.3786451862332687
0.3662659382549434
-1.9359368841405713
0.5849588564174837
-0.5517782539279685
0.3048064955808619
-0.5960519953922842
1.1163125417848552
-1.0885705100983658
-1.0497502702316663
-0.15355517794735477
-0.38645316958240494
0.6006657835172493
1.4470235094203618
0.6083021400319331
0.6376870778444271
-1.012409998918984
-0.8165964602278837
-0.6488247745337056
-0.2796869413561062
0.028915632838359958
1.7382781625484685
-0.5529179222234336
0.6824860979012234
2.352889427670268
1.393178781661146
0.112230498852875
-1.4087245141731568
-0.17723073978620826
0.13676594256590072
-0.18832538808309018
-0.17632843437146606
-1.6162413321435687
-0.9538542721791526
0.031680755898910465
-1.1820011603436293
0.8623624262467813
0.9239504918767253
1.5111084010538627
-1.4880774440573628
-1.0398975760248457
1.3733495669408027
1.5828044036053206
1.0579041516785217
0.16743294903241995
-0.465325830672503
0.5580512270107466
-0.5031448045880745
0.26307329396648926
0.38127313852301103
-1.039464989437699
-0.014195622753144562
0.19845882746065666
1.0653640206778159
-1.3754888433192964
-1.6324142907746861
-0.32120476713984847
-0.889314469603031
1.0499202920124702
-1.247615568943358
0.8298112156136391
0.5938359043613475
1.278059042489924
0.07736451423182536
0.6960475244645774
-0.5316442587792464
0.607252218996067
0.2618993724791945
-2.0571734739240735
0.9356509313327797
0.5252922467424119
1.108406561944024
1.0368676853208796
1.004769957840742
2.099735548904094
-0.7017570996267661
0.48614676288430975
1.4717577237293882
0.09241079806422513
-0.777226345529804
-1.7611988078564282
-0.18415176307705527
-0.8344475799917795
-0.007884973393352554
-0.5320635568529227
-1.4872899789622005
0.7309815012163979
-0.761820481053095
-0.7583655845389695
-0.6724100266637902
0.8737296507792377
-0.05523533738269152
-0.25567380789053007
0.5332517075223424
0.33269747454049686
-0.7842697750632799
-0.6670837382152625
0.6583087796662419
-1.205671944422931
0.7171493530847752
1.8799049132504422
1.463083337047563
0.05205357998745958
-1.7391068120524948
0.5832777781073293
0.20139897222015868
-0.3988862545236773
0.3236260166176817
-0.8523194790118297
-0.4241325351628034
0.09522970540123006
0.3172469571451953
-0.6749770932416637
0.9580887195377973
-0.5486010020412202
-1.3231202709279484
-0.6748748194493424
0.6819559246131407
0.29173883309933324
1.9884480470796442
0.2764239837107198
2.025171614039604
-0.8175079279140118
0.8883843162699832
1.3906459772712056
-0.8230456390521238
-0.4420230754206006
-0.06238643599584349
-0.3851478818652932
-0.7306218196923205
2.4066468138362085
0.6086453833476321
2.1794668781386313
-1.141988874509485
0.3057281246309712
0.27427219666727465
0.8834321368159249
1.305999683577476
-0.03460068145405187
1.1469228797050475
1.9495809610939747
-1.0505568451161091
0.6916274823159434
1.01794383120307
0.48732191435484457
1.0015038349726528
-0.4767920992853671
-0.7142008836068197
-0.13093224480008817
-1.173313820809923
0.4769642891622939
0.6293558268058977
1.0698042703322963
0.35867585510450306
-0.01294698962698597
-2.4507601353829527
0.3583988328309617
0.7348260432855008
0.12290460864845713
-0.6425642843764265
-0.4572653480262842
0.05728930070374286
-0.8032943186739874
0.9426100261282783
0.7715286417812435
1.173289853579314
0.8689758706940075
-0.9505495901818956
1.9554905982087676
-0.38927015196997883
0.05917741521838896
0.24939329229397464
2.1799197226152947
-0.36159975151328566
-0.051657946667577205
0.6707618966458834
0.8404456540516902
0.6506489417793342
1.0587232774927795
1.065117496747821
0.8459549217760134
-0.4532279559306821
1.0476515274598388
0.3129059517702465
0.23840416455321534
-1.7541902226205797
-0.3812340408915746
1.663959649604644
-0.8823390224088155
-1.2792239429711743
0.5735065996241588
-0.9661744986819397
0.3437979601168838
0.4210088770454435
-0.4172671291997378
0.0870209843792226
0.8243830493742523
0.7016498913846781
0.3901481259622342
-0.18008765946460176
-0.6529033269473717
1.6567873038475125
-0.8381719931073276
-0.7661278558681476
1.2784042644703097
-0.4116778534021054
-1.852787827869034
0.7699391969378752
0.8397286169660327
0.6296168257266165
0.09825983882054677
-1.0031688103401921
0.3093848550481553
-1.4059888148822508
0.9138185990025282
-1.936583208237576
-0.6874694561474937
-0.6178614239034255
1.4170281895261234
1.3451091949776472
0.3266012612834813
-0.6198970024845185
-1.7397972660113152
0.5125254875261046
2.298569873564079
-0.8420089866291719
0.8505739089817954
1.1587191419593823
-1.649423414145534
-0.11066935573579013
0.13983261940334488
-1.4983251701532796
1.0796668180255118
0.5354952967260562
-1.2182417408798871
0.5014800759027949
-0.46711366123332604
1.3673833720050412
-0.299835647272776
-1.4835234104550619
-0.9694501016815145
-1.112698953572816
0.3903450563279297
-0.3674620196621396
0.6728083469937788
-0.4547994490377885
-0.05916799188249177
0.04413969208826292
-0.6296606176391905
-0.06148072957678123
-0.9739171939751485
0.5373078756984445
0.5630280818658029
-1.6662543767773088
0.5839651492896696
0.7754871359105274
-1.780297114348827
-0.06867903921995015
-0.35461725027407165
-0.9564379666761293
0.949706513051398
-1.8509410312387784
1.6010303816206795
-1.5864623784699547
-0.7578176887009974
0.14880646536740783
0.0727969779861886
-0.26678394987307175
0.5360547559865624
-0.09301518663329505
1.1259525058796096
-0.5121895914191634
-0.03832215056825991
-0.8875766157165491
0.05949610606406026
1.18746609335241
-1.2286722243082493
-2.081686921167152
0.5437179189387212
0.12004080077854584
0.596688587412823
-0.47802456157757983
0.944709651065822
0.12239488844590105
0.10402539343281901
-0.5515605445063848
-0.23845115166904424
0.17049284961542083
0.5949680420462526
-0.056018116606672747
0.7076158940547084
1.4288984931976831
-0.4715598583411266
0.1442410677979901
-2.2487811593552816
0.397982443797825
0.5640937504840429
0.8703189935563144
-0.007518902088220418
-0.04622066256836798
-0.7075600347737984
0.06162301611692761
0.15116510552601936
0.21612162610420987
1.3886145279450632
-0.06900479274131759
-0.1021554011388008
0.811652779072993
-0.6317358200209925
-2.52457206500277
0.5653178678119026
-0.8558655151119802
0.3039503190600903
-1.3053592879643325
-0.9386316397533844
-0.6264975035125704
0.4411901027429405
-0.8800321680817043
-0.5326628113791148
0.9263118203186012
0.12533028834358578
-1.0528363535159073
1.78959519233913
1.255838740212595
-1.2572121936042921
-0.2601623403724758
-0.2935319332760669
-0.7885645604248462
-0.8308853777350115
-2.0653815955601083
0.07775118926733886
-0.8014651717081519
-1.7190680680363777
-1.2330179807789308
0.10486955488089976
0.7146751921037764
2.2896412920291107
-0.7797646890324289
0.09993449462970481
-0.790765591334043
1.2685714720395158
1.4476641304986682
-0.7964741673015727
0.47800759469633486
-0.8369750054389516
2.0929463870410423
0.5944552865349967
-0.7438160511596275
-0.03343115557580796
0.1569679972205747
-0.7029532269892136
-0.8259039562085768
-1.613309636213903
-1.8644871462043857
-1.9080525980613634
-0.2658581836587014
0.9439662672379648
-0.8451979214687635
-0.3614647184561724
-2.033959889226148
-0.7218951218282996
2.2519070443743074
-0.3623375692191789
-0.4045685729941888
0.04930339059294459
2.2484640631540165
1.4537475677010083
0.8910149682369245
0.13902504533986385
-1.6120529469459028
-0.7631285384419217
0.18628777543028896
-0.42267698540628634
0.20421348739773515
-0.013954659515711811
-0.3148608535868485
-0.5650260943234364
-1.0638613234066399
0.4853112146176328
0.4572719933001587
0.8441462246990024
0.78269332861748
1.2021642856712864
-1.2790559496350935
-1.309563560374353
0.5330056252024736
-0.3733129215516582
-0.040913188035157116
0.03691108794341282
-0.6733528289072331
0.2500715192461046
-0.01728891795256961
0.7236850509916994
-0.15337554586017027
1.888407545663742
1.3105294976592934
1.9555097395274759
-0.4598351452528294
-2.0736924246006994
0.3702814993240315
-1.244597386897429
0.3684408149240455
-0.09514314148305429
-1.5087035615050606
1.009434015600355
-1.606384675547177
-0.658368041339358
-0.31339931047093544
0.4913161411642679
-0.4015856968339886
0.636451604819107
0.5504898573839909
-0.8278705122855541
-1.622678486027927
-0.8896286410113523
-0.4485367663548811
-0.2584644071912154
1.3150407576739171
0.6915415975438494
0.5843679559470526
-0.4266876813147464
0.9305120053606334
-0.4137188493483829
1.3360419382248556
1.340907351178452
-1.9817443483836414
-0.48858609359051614
0.15817759992717076
0.11793528909070498
0.15077505180403952
0.001634662104092256
0.2547225288589248
0.5657121402318942
0.8210681097107191
1.654107354906953
1.006792842728311
-1.455761197980588
1.61684743921991
-1.775468193082767
0.8900048915310538
-1.3698003592300279
-0.6664878480108173
1.4040755105152802
-0.5397259750090766
1.2573229530621477
-0.028844812532648104
0.5476671941287753
1.6417861528201507
1.2967755129742295
0.7596299884951424
0.4286970895870105
-0.6328769212987903
-1.6400144686983766
1.4783362823767812
-2.090678440038698
-0.14728792947787595
1.1058089329062093
-0.34247992602967936
-0.9761317316405413
1.045158515236569
-0.9789775997991637
-0.8177123906501413
-0.47609173388053405
0.22394887758908302
0.770786001440525
-1.2560894610800935
0.7819410746111499
0.16494811137914667
-0.1815890422575574
1.187320783821598
0.5213859748441585
-0.06601516358405876
-1.2111104512070423
-0.38263160550684716
1.1607134908452292
1.4097842286982638
0.20716478994205473
2.2103453847947465
3.998408752246287
0.28969004401461684
1.0439646290910465
-0.6969566872443858
0.6121959033004775
0.13916554538861536
-0.8616306674294405
-0.7409960273664681
-2.0303294087021966
-1.727068849304631
2.3357483348050767
-1.614250519211401
1.3551656302306263
0.28100847786868727
0.5703942376353253
-1.8499805160936966
-0.1988967344918389
0.06250591868877575
-0.09390658894587156
-0.9727781821100543
0.7119944266917317
0.9024551693938224
-1.708402470708315
-0.5933275207833524
1.1836876598376338
0.5341219201858588
0.37905375749634934
-0.8253789191646548
-0.6942803320195117
0.22530441795991826
0.7132195170837291
0.5812605282551631
0.43957582728157424
0.5953857896956011
1.9205963239785222
0.5656246367137042
-0.27904789421787746
0.2506487815288951
1.9445989188384134
0.5481386125826855
-0.4223588637260242
0.05099609519515406
1.310784108653524
-1.22487011158644
-0.11632058904092131
1.505797743167428
-1.3266279416365607
0.49435984204827976
-0.5505390756443975
1.2133641207939565
0.01439429860846596
1.0879202919516588
-1.3904151222272776
-1.5402681237466636
2.1247327908022564
-0.7838046995795346
0.5171567725421592
0.3840421509043497
-0.5391869410697807
0.4306765200071425
0.2721089142891808
-1.1436107544080847
-0.4551663006786548
-0.3410150297011916
1.412087916499366
-1.3892043232842866
-0.005590234789798011
-0.012430902872628371
-1.708273893303261
1.4852047237594899
0.9733046487405997
-1.4838670452296419
-0.06924827729921666
-0.7782572558167948
0.34816911192069766
2.284067001734687
-1.5298153338866969
-0.457174084860384
-1.3448508035864446
-1.2100318348152137
0.8816126765761261
0.623266421662935
-0.44622746203145774
-1.5474037071933677
-0.040571920890534775
1.1978001048232592
0.024350381858826334
-0.023726103795007784
1.5010507132137456
0.5507816881177419
-0.07783426846286813
0.6087645185327477
-1.3743422808522696
-0.9778334313254978
0.6996846265312874
0.7827394297055149
0.8345284487078198
0.32927683927918716
-0.1004834111430556
1.0161834307055972
0.4785368409673223
0.9890448040226134
-0.9496304303080165
-0.027401091863698147
0.5716173965355532
-0.7746195680815242
-0.6593041728304548
0.01717375263059383
0.8797250678654018
1.3351185655556694
0.5342300015675701
2.1196593341965886
-1.2384976881959737
0.9468721378307036
-1.8721502698938397
-0.2811383516481045
0.033716910377212674
0.954202718376974
-1.9771432902449246
1.9092993226573798
0.0656913084694429
0.8644220921347884
-1.0818083472133138
-0.8672891900308456
-0.7098718107753519
0.15558616078758056
-0.33350162605828965
0.009701744478943326
-2.0650562399456507
-0.021960649402102475
-0.7016009067299654
0.800890633980773
1.0180927238134088
0.10537903941357875
1.6796907136511774
-0.06388896527420519
-1.5172026461773083
-1.2628744324430317
1.0909756282004202
0.03497058133812227
0.3179190155038304
0.6839102312989996
0.8453137510260336
0.49695602866751964
0.1495627395573219
-0.5172411585043517
-0.9333664483976051
0.053740185416033814
0.22042737757369157
0.8281149885269161
-1.7533085197305076
0.46852630697132813
-0.6306826824121345
0.18926012826148111
0.2820341946590268
1.5304590100509423
0.042461715488291585
-0.12318784933403219
0.6773089065263922
-0.9482472786007411
0.7223285537797158
-0.058227172408422456
-0.03522437354847705
-1.0484555095737882
-0.6244491035045538
1.046757837220077
-1.2286634099537135
0.8125430256758391
0.1664439550154654
0.950182743610313
1.5431810826713313
-1.0221895451564507
0.03032856496672868
1.238684457365226
1.4660393976909316
-2.3130838125479056
2.18088578897937
0.4485160346925813
-2.2322638332036435
1.0851745396878167
-0.692799639948892
0.8970077866245301
0.41035110980514966
0.14981731384000735
0.15617367815832828
-0.48250464968330814
0.5572339043503337
-0.6947076467399528
0.2977649702282733
0.5573703091353212
0.2836948453000645
-0.3129679797145286
-1.0621988748514697
1.093761767481553
-0.874003706622104
-1.606190517047665
-0.07104217446227923
0.7699585694260771
-0.3753638379888191
-1.7299125045652357
0.7172524600115013
-0.8675075028713239
0.5774450142758873
0.6006065701813589
-1.9764334012303602
0.300928881844241
-0.4191908093932977
0.6340366320514413
-0.6447680212840213
-0.4941788149086557
0.006007274227520181
-0.6924728789532191
0.4936725775231017
0.36382044082559756
0.20900192930407094
0.3904183574719525
-2.2750870344942635
-0.9964873781302108
1.8194950524090712
0.9267871990739815
-0.7431892545017735
-1.2860895751396004
-1.2422059679987085
1.4719994624640296
1.0338707940722884
0.39652334746579165
-1.5552018533093763
0.8205147126024586
0.06044996991078677
-1.7590837361208551
2.0113002883727784
-0.35046739298229945
-0.8353899751614151
0.8594323531102649
0.26215918719849984
0.03419336605843162
-1.7425489015706168
-0.6306652428834547
0.3079430347869293
0.7329331762108505
-0.6601233967303595
-0.4479128638493107
-0.1479936371202782
0.988389012757427
1.2871372860805903
0.9406530361071053
-0.39346086069723296
-0.3665365383718355
-0.04100985895089829
0.3777265069308227
-0.3114977253409002
-2.776951124266831
-1.0415487505191454
1.343496870123143
-0.36747131347065587
-1.1900035773721462
1.245616167849525
1.090739333547506
-0.6623817269314145
-0.9727171483080943
1.5924998728835764
-1.2564196032589372
0.28987192038410364
-0.07117590525466438
1.1227680327258749
-1.0197307576876877
0.43822442257974153
0.41425856191416943
-1.0588474923164064
-1.740886954037542
-0.7500929721362464
0.9830188431477765
0.1466278321535898
1.9401592943580572
1.6779419811113996
0.773978303587727
-1.172223641838688
-0.5438098751995093
1.4856125481202564
0.3858147387347123
0.9053789604257944
0.5318106962880664
-0.6957774731797931
0.034105054682336204
0.28289945586053306
-0.9352359502117906
-0.033791651683886044
-0.42159512615637856
-1.71270947731388
0.4757973098245014
-0.1315213429555032
-0.4933408967741061
-0.9251342713237662
-0.6879715079730144
0.09616469103355457
-0.686533578927759
0.696097469154311
-0.5255033035096485
0.07757801696776834
0.2537839652216994
-1.6516146066231148
-0.8894927259275776
1.5278825374599077
1.4073937062340998
-0.01129644532409305
-0.735310228331371
0.9198228061216706
-1.9699884811145012
0.8300640193464116
-2.303603027357161
-1.8810505814505465
0.6458436728660004
-0.4800634963834377
-0.9265746165611549
-2.0855286457318565
0.6987548038458052
1.2423962924918222
0.6136005905734413
0.11339270266296227
-1.2748241419840933
0.152834746198927
-0.6575477718652313
-0.047963785712984576
1.0303491395085969
-1.8682362810015416
0.8348694639257846
-0.5250812098690749
-0.02923344925801705
-1.976548368159239
0.6648256414573733
0.25716312939823177
-0.8460218264790141
0.11448368852255182
-0.7009665698845787
0.9307210457840934
0.6867843715467431
0.34698288318355786
-1.6800589979491378
-1.7952778592427492
-0.8234228492154113
0.5572555246046849
1.0593759836307026
-1.005184724508175
1.0530651497868873
-0.7615171537672807
-0.9582291828572788
2.979628376968452
0.1761711082793702
2.5155803343754455
1.9529230798582156
-0.30823212946556544
-0.2832690654322251
1.4823029013400264
-0.8287496951922492
0.09128263903834469
0.9923517280329476
1.1482378211527553
-2.0067912757510418
0.10668784839927592
-0.33832482837357736
-1.05969182466546
-1.1168574579638453
-0.6431918299655034
0.6427166070577645
1.2447346423281547
-0.5747313959959168
1.1173602016393482
-0.918915337804394
1.1553874223085054
1.6085003635426602
-0.4229602665068636
0.7202832098672197
0.3323954637547422
1.260824657423408
-0.5336952028590297
0.01799098158566224
-0.45447089926551165
-0.9810170310697939
-0.05022925371785086
1.3619268634171315
-0.3616133741615519
-0.14983715488941704
0.05970198187635935
-0.41642390772981597
1.7859736670398687
1.4374484166021804
-0.227841645730749
0.9742237708072911
1.8691788891143424
-0.4264441245607773
0.8171561801088084
1.2213813340886641
0.3226982082365869
-0.6207690602242316
2.162380504100839
0.5238039720157798
-1.6786244808155026
-0.10692416376394498
-1.030193018492434
0.16882785985326576
-0.5919679744905417
-0.3770020639411662
-0.3688735455325509
0.2575716646257805
0.3735832120487189
-0.7513826042191047
0.2441058375317145
-0.9923090662527173
0.25740084251218853
1.136924936907713
0.9689621324520269
1.2020481907487355
-1.6318347133202469
-1.473241837795904
-1.5010885543440506
-0.8680410116887779
0.2817070539245316
0.22933942882537284
0.3397628700318529
-0.02240393217202046
0.686545047573205
0.9423698966448836
0.805990259762765
1.5192029028477263
-0.008320450479870393
0.16267991218595282
1.712966928295217
0.43086255116878314
1.1794279345110217
0.5882876855918233
0.2574915077632577
1.062485207954341
-0.7338647929615021
-0.7070161076517685
-0.12449433110450346
1.8902598997774702
-0.2503435019625964
-0.4181730105887931
-0.7247724698471797
0.9162546648106985
-0.41615354310687785
-0.18568089251180941
-0.09058228671127119
-0.2669350324869524
0.647494775268687
0.3475305299836203
0.26448455054990483
-1.3925939534645664
-1.2632937155793216
-1.6323398297610352
0.15529677655430432
0.5081283743124636
1.0112603601259305
-0.5427719640932904
-0.23389013958398833
-0.018436491193190456
-0.3728902287110999
-1.3000102949541226
1.1976900180614156
-1.4351146187778268
-0.31888388980577076
-1.3061843896949434
-1.384357197163694
-0.10926264392382772
0.35585525866758166
0.36662037714844686
-0.21786010653814403
0.17204096116791479
0.49341057589273885
0.12193026686208724
-2.189366422418199
0.5359371234938264
1.9642166953067344
-1.170423587452662
0.017069400294872795
0.6099038439693169
-2.712341638893262
-0.8732746761872896
1.2294908802205329
-1.663728234184631
0.2654322898482049
1.0645388002313099
0.2219827265207294
0.32746922040327836
-0.2269555429853594
2.488019913970553
0.7897395317771432
-0.6698437216540464
1.93646095324154
-0.9544036547423369
1.1556707824519743
-1.0290114212975179
-0.412287644580765
-1.0458553800744372
-0.18862207996089653
-1.3448060306911145
-0.19255906563724717
-0.17942957019462852
-1.4300780507226118
-1.019527854653439
0.301318685598383
-2.3884545584531662
0.7316008710201931
0.745126176386698
0.3467038321665553
0.2455611650207504
-0.6795366938398467
-1.5442639727292844
0.8572378534316981
-0.5969700678474608
1.406760206938737
0.36974777517224666
-0.4027481434686039
1.324062593441911
-0.1724937465490932
-0.3080321171710403
-0.0007448156317576383
-0.19002991513219547
0.8979029175098284
0.25311056589705977
-0.7547983495970698
-1.1248367272460613
-0.1974216501423233
-0.7734685356230426
-0.25287225340220365
0.5160526313537256
0.255375133293085
-0.014996230663559883
-0.5146391390248718
1.2737044485295392
2.1585218240342092
-0.2669371188518675
-2.057566013930192
-0.6589776279920693
0.4667729985003415
1.5333845626094917
0.12073191577580401
-0.8672452621660434
0.34195958281814753
-1.1901234950575807
-1.9463423193224207
0.4109830718428538
0.07636770703337273
-0.5956467820920794
0.6595171475187107
0.9760769113987413
0.07067383209087878
-1.155715373705526
-0.2397758963288916
0.06406930341191812
0.5226358098290758
-0.032405990634633286
-1.6517494244383055
0.7142824377021106
2.0990943618561673
-2.312955243576529
-1.9904333530293128
-0.5282027698912461
0.15046737640215507
-1.4547460998986577
1.223813409124979
-0.28551351819917403
-1.4200851783003339
0.5475510812646506
-0.13074773170540235
0.39608533157916354
-0.19223473260592894
0.8163109310883893
1.4070892397165997
-0.16593030356782157
-1.2655015394101223
0.5349275586082348
0.5783712908543852
-1.3292540158263457
1.8986293865514012
1.033867006723383
0.2393088941305043
-0.20100636805694033
-0.11013652093610474
-0.8974679675348416
-1.3583347072253975
0.12365887093610287
1.1459159512513648
0.7058237405288615
-1.033403766598912
-0.14948101987674678
0.945459093756005
0.006371195868688305
0.08150450127338542
0.3334695019038524
-0.9036417261513775
-0.2083223887795524
-0.13548612953071937
-0.17687364561251384
-0.22525627993149816
0.7999431700483849
0.7344445742112532
0.45762581766808647
-0.5084801601081421
-0.9896497148332405
-0.6594120109726662
0.1909021153069616
1.4940594452259937
0.023554193584689416
0.3614520760711085
0.039374574131205
0.2235436313352049
0.7589642175274969
-1.4797330521030159
0.010962469410483887
-0.838790394962726
-0.635463663671445
0.4304744649175585
0.7066095643367525
-0.6560248403653551
1.059038921357019
-1.1722440007317911
1.740841598078182
1.7831820811620243
0.8917820792978561
0.559715180170549
-1.3046235215865511
-0.48605777283279156
1.7751875610663501
-0.7088491509546108
-2.6737713436481867
-0.5260221316816988
1.352621781806444
-2.7815254498912863
-0.4109167829943425
2.1777646193778066
-0.10742227812143877
-0.43630120070077766
0.1595426870811529
-1.0332014216974768
-0.7821713302057847
-0.4237953460231117
0.2656789398955824
0.048135390287325296
1.0573352102698448
-0.8119576147572685
0.1530733042359638
-1.2309857946405425
-0.6730461551171534
-0.47285447442940287
-0.5669477139610516
0.6109495054694896
2.1026927970032667
0.038539934112012536
1.1171207665953748
0.4806914814309467
1.5404078526585492
-0.7731807911367254
0.8102995545011865
-0.3159856465660532
-2.2659771937046798
-1.4736734373680636
1.6476136538110508
-0.07543925305624882
-0.3706692419057044
-0.9347122121594796
-1.0144791673102591
-1.46870387061857
1.8079145226036883
-0.13309290691791367
-0.7689489287959695
1.1399451468029662
-1.6009008712712363
-0.6189587266007122
0.4151495783488608
0.23052562815574296
0.3105372136749561
-0.1416566880659455
-1.02781045724925
1.101976395130937
-0.03999890951564761
-0.8611713078528657
-0.8748026643186915
0.19572523211449053
-1.7718582733771042
0.9980256025282304
-0.6416251369301135
-1.0812510230878056
1.6137016355549143
0.43466396411406644
0.32680986575575455
-1.5285089944748618
0.2441166227774271
0.015513735932708281
0.9664977463351232
1.2727614605206068
1.1895781823663012
-0.2203894417043016
-0.09862575630447874
-0.9576364691183529
-1.0228271236107769
0.11134664098519165
-0.6162686665600453
1.8878394836268364
0.7760940928027709
-0.36407259582577095
0.6610599891778524
-1.1739774728284078
1.271699242831474
-1.5377053186084257
-0.6930479736560162
-0.6194856193941143
2.3460643597740676
0.5562906801998885
0.43277749538554305
-0.803382104443907
0.6025257454750882
-0.6920992685655294
-0.46373196976181785
0.8643430840525025
-0.6011902159388188
-2.0897945756299037
0.9847664811284083
-0.5953829120470931
-0.8323450748967374
1.1795639010622456
-0.6190753481384764
-0.3634605567011988
0.06469621240683841
0.778978610615363
0.3928821390648963
0.4099623287761131
-0.2865981524977685
-1.2761249268167052
0.6983594947853871
2.5560726608722786
-1.7852228029608712
-2.7772581015146223
1.1833392337325908
0.46347544001483065
-0.12031445942445582
2.888456384664083
0.9562612033411548
1.1751070660465828
-2.041540630113434
0.15571474961806114
0.504244385559846
0.8397380972331002
0.5203147294977901
0.9999975917390045
-2.422659110324932
0.03588526870703919
-0.7932781832945603
-0.8835949939458821
-2.077633221920722
0.5027472545820001
0.7818309714197509
-0.8390378606592834
0.8676659249446504
-0.0628349109556342
-0.9258167004250578
0.9799276288064723
-1.2812528561102157
-0.8339888507431751
0.0678631099048582
0.06347046873231334
1.1671592336866634
-0.14293746605931584
0.5245588796199727
1.4790828525480364
-0.4439528455417306
0.7253873675732357
0.5100148885737151
-0.4927645841045894
-0.928332985319084
-0.4621206945738094
1.5144992799049941
1.3342757633881006
-0.75270134621274
0.3072549634332624
0.8017494441739006
0.09313760502005204
-1.3487138263208718
0.6411329090866029
0.9422251695327214
0.39568665823100685
0.7188683339328434
-2.8702725949573136
1.2944908930198078
0.5592049023803951
-1.495188971192884
-0.9121588246550045
1.0437548626500548
-0.5114128230988961
1.3780228361654645
-1.5896203919448602
-0.9062394398074763
1.75296165926786
-0.42924960490054415
-0.7648826068162323
0.28611684118825664
0.6641284863992823
-0.24738670083482783
-0.5127693696910937
0.7299646830594981
-0.9674306559783187
0.6386215883895272
0.295525319643782
1.5031551285426523
0.7838046902328358
-1.588984197969806
-0.3829849645550299
-0.7507074746795045
0.21351192884900236
0.11532544858887721
0.1938573301104809
1.3260917663520229
-0.49702326920895096
-0.9100758578589047
0.46086622267539873
-1.0509010315215557
0.4844819287857704
0.24734712462592662
0.8798526681989741
-0.4184749449601573
1.7028573560021762
0.8912914387000135
-2.00430772920405
-0.4267385507947282
1.6920229936768274
-0.891530752552293
0.39384710109915394
2.0691533334493633
2.1700956864491334
0.20717899780975066
0.24576922116498404
-0.9940170418267461
1.4315976595711135
0.3562787742731437
-2.8409988895942844
0.20953136718190804
1.9251598113045172
-0.6555285084539485
1.7659815538664834
-0.04362325183783563
-2.0004661251502407
-0.03176771836929733
0.25648401083027433
-0.4619459843996582
-0.6395659974548636
-0.6788738798215538
-0.5580531524673173
-0.3887953460656149
-0.8227065588269314
-1.6969630867056644
-0.10081658149154901
1.794177274438733
0.19699793414643554
-1.350836823730748
-1.4594386066312381
0.3030303593599299
-0.11374062288202749
-0.5849726786562801
-0.28202256690892585
-0.8059587052473748
-0.9218096761941872
0.9888010160533708
2.0283792555608
-0.8217605921922784
0.818893081622308
0.587308364062767
-2.1900230340359297
0.7229961533643058
-0.14663830281483842
0.5660338211461943
-1.2648278781954816
0.26209796596234053
0.2721491191699724
0.25268930996709676
0.4351520488474318
1.4711109535491977
-0.829450424373136
0.07100181020050438
0.007425859891190668
1.0075760770785127
-0.4633298201254037
-0.14395846680711952
0.04145263908415447
-0.35336316682381175
0.12352558020932558
0.15810897939926152
1.3093230667872378
-0.35940339693148765
-0.3597246983155482
-1.0920851187662122
-1.035296348397572
-0.13332722283337098
2.1344489242481015
0.5420449234382022
-0.12553989422383247
-0.7519480626397839
0.7203572753377258
-0.9604949624770569
-0.7548252511995113
-0.7859587151582513
-0.11523885066009798
-0.41848751713108934
-0.795663355585618
-1.0522705406057433
-0.1397243446161279
-1.785949099469381
-0.4953205492059082
-0.35061362187109973
-2.02160755835035
1.4768953936227114
1.0268777962973146
0.6434776789011463
-1.0351618038384187
-1.301700978508528
0.3506175537871956
-0.39084463060075136
0.1769538850719239
0.7431977926485447
-1.258229406990563
-3.959539444210194
0.7532836173667173
0.643280165810141
0.9526543749156375
-1.0859269107895995
0.40281965831430994
0.7343633114176782
-0.11282488043235094
1.069528210332485
-1.3921684544582702
-0.6872521212621134
1.2694440041180057
-0.9764013313863023
-1.9345187543040734
0.1175342470304823
2.9618381034308046
-0.5388501463044157
-0.12582630254091123
-0.8657393191505134
0.43022442002093997
-0.8468487311161021
-1.616404955468773
-0.3648613637292216
-0.3298244165115498
-0.4013319337135464
-0.5768991122311676
-0.6395855320433069
0.7778724435671203
0.4399868023654581
-1.4780761184044509
1.2398744524689993
-0.5683778686129486
-0.2518235422604293
-0.049048952818040434
-0.5026320068781134
0.10151203310942429
0.862724865872552
-1.0798425822323385
-0.20500600156429735
0.27138648969625195
0.33466033910902687
0.027388492198508384
0.9330519693178545
-1.4008496963704082
-0.14480093419815449
0.4350678900856162
-1.2924756880513293
-0.10056914439584082
1.349235676119404
-0.7658808326880913
0.6653903748803608
-0.9705688279387056
1.1533914815874862
0.6317673832207173
1.0642801389319996
-0.7842234972246288
0.17165757673617768
0.8696129390272828
-0.1782602801573862
2.0926570320366573
2.159954947968799
0.7248478760031574
-1.6536097953876154
-0.6625877965021444
0.4180273895545642
0.21958632924460397
-1.2963956354097816
1.056619587012017
-1.07794143461542
0.051104836152903246
0.6369463737173017
1.4408271467426306
0.053746763666639746
0.13607089728259322
0.7918236948406113
0.42104822988899754
-1.3125642224020808
0.7203977043835457
-0.029470988713465342
-0.9490728009316575
0.679127333506898
0.8776902628800904
1.0616198025773038
0.6545069765026084
-0.7494820640118276
-0.05281151944302986
1.6588809456943963
-1.3607034920312602
-2.3123047336770837
-0.8446163726908958
-0.15602992550901826
0.29498069101431273
-0.6990391046536586
0.2530631026927608
-1.18581013998964
-0.8238257962426252
-0.0257658339433165
-0.5858774449670117
0.8038881567494052
0.40356385184537136
-0.4305888945502408
1.41450877579448
1.9814327666743765
0.5990300475712573
-1.1160587683102272
2.624318892683501
0.8004222263684008
0.9519817859632624
1.4248097334077763
-1.2338779846009142
1.171816916206022
-1.3218794402677294
0.10835921863938189
0.13681240227006838
0.21664855074188605
0.796742355706394
-0.1014890002209454
1.6120134258627152
-2.848358551875335
-0.26618337221456945
0.03440997133179466
-1.641754310407642
1.2677795494998563
-0.07026066098490467
1.3550009632154922
1.2549925755990785
-0.4600873561436665
-1.0110530748230238
0.5620424950559748
-0.7795028355649497
0.9455298875492221
0.39902956704569414
-0.18580689803393152
0.34828948444737534
-1.0995084417985612
0.08617068561357713
-0.6600443616081031
1.3629751809147599
-0.24026576802280106
-0.13849481641883693
1.6171433861505844
1.1746843478742701
1.5101455772686716
1.171017856475287
-0.028898456451286556
-1.297701387432202
1.2812576626376895
0.1180589971714223
-0.2579061280558908
-0.8707835520581323
1.323842416994795
0.31618968399734415
0.8725634867175701
-1.6453878703515412
-1.4209019286713376
-1.9063612796013591
2.666749607166763
1.6913636480220646
-0.5781458429821014
-1.2107343118107274
-1.6464666602780476
0.023622122577888798
-0.8623329896214114
-1.1780731967221627
-0.6976332641872662
-0.7428069825513587
1.136695035278202
-0.05238751529668552
-0.31132297854645213
-0.3397850797194981
-0.3446215266367965
0.23826154063093294
-0.5743359939106436
-0.7181817297509073
0.23591039252011942
-0.7078632323850793
0.8659796903053383
-1.114077725786526
1.1507729467229086
1.2366779932074512
1.1067408919531707
0.36828832948752616
-0.8939162485514592
-0.525687776719056
0.2882225473591446
2.4012162615191173
0.669304399818032
1.3125701846488778
-0.10980208238362282
-0.9867991414874426
1.1526689007280853
-0.9214021892448082
-0.1190813091053527
0.8928556843941864
0.17755610005211683
1.407706999447158
-0.04853874350762845
-0.19688015545886575
0.10883950913510744
-1.2811148822870784
-1.1975529476310143
1.4471343721074061
1.2243223412140356
0.1377030661091875
0.40377197169168366
1.2199847607160774
-0.41968877891774564
0.5169636475004185
0.881478691295888
1.3194823421407422
-0.20048825354466715
0.5618841869295182
-1.6190649078736483
0.006653941648099237
-0.2774194415504464
0.4429458884279899
-0.027627169443877005
-0.06920150105550023
0.06138368823186474
0.4635254415764973
-1.8853998084457881
-1.4371615985752362
-1.3473291088419705
-0.46422942576790294
1.5296380567224153
0.12700382502529453
1.3652224547450258
-1.3003567600195252
0.6758764377957274
-0.40485262048536624
-0.05109748172431776
0.7591764516029289
1.2060043307502795
-1.2385029670931107
0.7844864946623027
-1.2451482242714729
